2,105,13.0,251.0,243.0,479.0,0.9948939,person
2,106,30.0,255.0,286.0,479.0,0.99845207,person
2,107,40.0,234.0,305.0,479.0,0.99429625,person
2,108,73.0,212.0,299.0,479.0,0.9988776,person
2,109,98.0,227.0,312.0,479.0,0.998131,person
2,110,139.0,212.0,342.0,479.0,0.9993505,person
2,111,158.0,191.0,387.0,479.0,0.99969137,person
2,112,182.0,199.0,400.0,479.0,0.9988808,person
2,113,200.0,185.0,412.0,479.0,0.9997515,person
2,114,215.0,174.0,398.0,479.0,0.9996966,person
2,115,228.0,181.0,412.0,479.0,0.99963295,person
2,116,250.0,167.0,432.0,479.0,0.9997062,person
2,117,254.0,158.0,450.0,479.0,0.99976116,person
2,118,264.0,161.0,460.0,479.0,0.9996106,person
2,119,283.0,157.0,462.0,479.0,0.9997875,person
2,120,298.0,150.0,459.0,479.0,0.9996791,person
2,121,312.0,160.0,462.0,479.0,0.99981016,person
2,122,322.0,146.0,474.0,479.0,0.9996526,person
2,123,319.0,157.0,478.0,479.0,0.9994821,person
2,124,328.0,153.0,482.0,479.0,0.9996791,person
2,125,335.0,144.0,477.0,479.0,0.9988894,person
2,126,347.0,157.0,472.0,479.0,0.99888855,person
2,127,351.0,147.0,495.0,462.0,0.99906677,person
2,128,363.0,139.0,505.0,455.0,0.9986105,person
2,129,379.0,148.0,505.0,451.0,0.9992887,person
2,130,381.0,143.0,508.0,430.0,0.9993286,person
2,131,390.0,119.0,509.0,417.0,0.9988932,person
2,132,398.0,139.0,507.0,413.0,0.9996319,person
2,133,406.0,127.0,519.0,398.0,0.9991364,person
2,134,405.0,116.0,527.0,397.0,0.99958867,person
2,135,405.0,131.0,535.0,399.0,0.99952614,person
2,136,411.0,122.0,521.0,382.0,0.99956685,person
2,137,413.0,118.0,517.0,383.0,0.99930406,person
2,138,417.0,127.0,518.0,383.0,0.9995499,person
2,139,419.0,120.0,520.0,368.0,0.9994685,person
2,140,410.0,121.0,518.0,363.0,0.999726,person
2,141,411.0,121.0,517.0,360.0,0.99970204,person
2,142,414.0,127.0,513.0,354.0,0.99939024,person
2,143,416.0,122.0,520.0,346.0,0.99918395,person
2,144,416.0,121.0,515.0,343.0,0.9990729,person
2,145,414.0,130.0,507.0,333.0,0.9996332,person
2,146,408.0,128.0,506.0,330.0,0.9995906,person
2,147,412.0,124.0,506.0,329.0,0.9985398,person
2,148,416.0,122.0,507.0,319.0,0.99921143,person
2,149,419.0,130.0,509.0,318.0,0.9994036,person
2,150,423.0,130.0,512.0,315.0,0.9993548,person
2,151,429.0,113.0,514.0,312.0,0.9995844,person
2,152,429.0,120.0,517.0,311.0,0.99951124,person
2,153,431.0,118.0,515.0,302.0,0.99935335,person
2,154,436.0,118.0,514.0,304.0,0.99919754,person
2,155,434.0,122.0,521.0,295.0,0.99949527,person
2,156,439.0,114.0,522.0,296.0,0.9992403,person
2,157,440.0,118.0,521.0,294.0,0.9992792,person
2,158,440.0,124.0,520.0,289.0,0.99851984,person
2,159,438.0,119.0,517.0,283.0,0.9983701,person
2,160,439.0,112.0,514.0,286.0,0.9993629,person
2,161,438.0,114.0,512.0,284.0,0.9972379,person
2,162,442.0,112.0,506.0,279.0,0.99805105,person
2,163,432.0,116.0,507.0,277.0,0.99906117,person
2,164,431.0,117.0,505.0,273.0,0.99905306,person
2,165,433.0,115.0,502.0,268.0,0.9990915,person
2,166,434.0,114.0,496.0,270.0,0.998771,person
2,167,438.0,113.0,498.0,268.0,0.9981304,person
2,168,434.0,113.0,506.0,265.0,0.9980445,person
2,169,432.0,114.0,502.0,263.0,0.9991019,person
2,170,434.0,113.0,501.0,260.0,0.99930155,person
2,171,442.0,109.0,510.0,255.0,0.9987697,person
2,172,445.0,109.0,506.0,255.0,0.9987937,person
2,173,449.0,107.0,512.0,253.0,0.99914753,person
2,174,450.0,107.0,508.0,254.0,0.9987097,person
2,175,450.0,109.0,511.0,250.0,0.99909115,person
2,176,448.0,106.0,512.0,246.0,0.9990283,person
2,177,451.0,106.0,513.0,243.0,0.9982711,person
2,178,454.0,108.0,512.0,240.0,0.9984743,person
2,179,455.0,105.0,512.0,239.0,0.99796283,person
2,180,452.0,107.0,519.0,238.0,0.99757236,person
2,181,453.0,108.0,516.0,238.0,0.9984261,person
2,182,455.0,101.0,510.0,240.0,0.99815,person
2,183,455.0,104.0,512.0,241.0,0.9979925,person
2,184,459.0,106.0,513.0,230.0,0.9972683,person
2,185,461.0,103.0,510.0,229.0,0.9972474,person
2,186,464.0,102.0,512.0,229.0,0.99761164,person
2,187,464.0,102.0,512.0,225.0,0.9978656,person
2,188,464.0,101.0,512.0,226.0,0.9980696,person
2,189,464.0,104.0,511.0,217.0,0.9975001,person
2,190,465.0,101.0,516.0,216.0,0.9982685,person
2,191,461.0,100.0,515.0,215.0,0.99752516,person
2,192,467.0,103.0,517.0,218.0,0.9980318,person
2,193,469.0,99.0,517.0,216.0,0.99845946,person
2,194,472.0,103.0,519.0,208.0,0.9938141,person
2,195,477.0,103.0,524.0,215.0,0.9964085,person
2,196,477.0,97.0,526.0,203.0,0.9879216,person
2,198,483.0,101.0,531.0,212.0,0.9945104,person
2,200,489.0,103.0,531.0,208.0,0.9762732,person
2,201,490.0,97.0,535.0,204.0,0.69674957,person
2,202,493.0,100.0,538.0,204.0,0.9908041,person
2,203,491.0,99.0,542.0,205.0,0.9953974,person
2,204,489.0,89.0,542.0,202.0,0.9933761,person
2,205,494.0,85.0,543.0,202.0,0.9738878,person
2,206,499.0,94.0,544.0,200.0,0.98980486,person
2,207,500.0,95.0,549.0,200.0,0.99781764,person
2,208,498.0,99.0,550.0,195.0,0.9980913,person
2,209,502.0,88.0,551.0,197.0,0.9894303,person
2,210,503.0,79.0,548.0,197.0,0.97716504,person
2,211,504.0,90.0,550.0,196.0,0.8430818,person
2,212,506.0,95.0,550.0,195.0,0.992531,person
2,213,500.0,99.0,549.0,195.0,0.9970426,person
2,214,501.0,101.0,548.0,194.0,0.9951604,person
2,215,503.0,84.0,551.0,194.0,0.96123487,person
2,216,508.0,90.0,549.0,192.0,0.98090327,person
2,217,504.0,88.0,552.0,188.0,0.9302537,person
2,218,508.0,97.0,550.0,189.0,0.9807915,person
2,219,507.0,95.0,551.0,190.0,0.9870384,person
2,220,505.0,84.0,554.0,190.0,0.6666338,person
2,222,507.0,88.0,553.0,191.0,0.75075865,person
2,223,513.0,90.0,551.0,188.0,0.91337293,person
2,224,514.0,95.0,553.0,190.0,0.94985473,person
2,225,512.0,94.0,556.0,187.0,0.8854581,person
2,226,515.0,92.0,557.0,188.0,0.98588634,person
2,227,516.0,87.0,556.0,188.0,0.86755663,person
2,228,515.0,77.0,554.0,179.0,0.9011422,person
2,229,520.0,92.0,557.0,175.0,0.9003667,person
2,230,520.0,91.0,558.0,188.0,0.970803,person
2,231,521.0,96.0,560.0,180.0,0.96010333,person
2,232,524.0,91.0,561.0,184.0,0.96375376,person
2,233,522.0,92.0,561.0,186.0,0.8800249,person
2,234,523.0,94.0,562.0,178.0,0.7684528,person
2,235,524.0,95.0,563.0,188.0,0.9872989,person
2,236,525.0,92.0,563.0,184.0,0.97563136,person
2,237,529.0,92.0,559.0,175.0,0.9035739,person
2,238,527.0,92.0,564.0,178.0,0.91838855,person
2,239,529.0,91.0,562.0,173.0,0.91870964,person
2,240,528.0,91.0,564.0,176.0,0.9526611,person
2,241,530.0,91.0,566.0,177.0,0.94327503,person
2,243,529.0,89.0,567.0,178.0,0.8962552,person
2,244,529.0,88.0,568.0,174.0,0.82740587,person
2,246,533.0,92.0,567.0,174.0,0.5965228,person
2,262,535.0,82.0,574.0,174.0,0.64458466,person
2,266,535.0,83.0,582.0,167.0,0.70351005,person
2,267,534.0,71.0,580.0,162.0,0.9400239,person
2,268,542.0,86.0,584.0,167.0,0.90984875,person
2,269,543.0,90.0,586.0,169.0,0.82874423,person
2,270,541.0,87.0,585.0,172.0,0.5890973,person
2,271,539.0,70.0,588.0,163.0,0.7729142,person
2,272,538.0,74.0,587.0,161.0,0.90853745,person
2,310,595.0,67.0,610.0,93.0,0.66227597,person
2,373,535.0,84.0,568.0,164.0,0.89017606,person
2,373,532.0,100.0,550.0,152.0,0.54162925,person
2,374,532.0,82.0,568.0,162.0,0.9165194,person
2,375,533.0,85.0,567.0,162.0,0.80401844,person
2,376,532.0,90.0,568.0,163.0,0.98443735,person
2,377,534.0,86.0,567.0,166.0,0.74369174,person
2,378,534.0,91.0,554.0,156.0,0.69972795,person
2,379,534.0,88.0,565.0,164.0,0.78245395,person
2,380,536.0,92.0,558.0,158.0,0.8326946,person
2,381,530.0,95.0,548.0,150.0,0.75559866,person
2,382,530.0,90.0,564.0,163.0,0.6122005,person
2,383,527.0,82.0,563.0,167.0,0.7227243,person
2,384,525.0,81.0,561.0,169.0,0.7138264,person
2,385,522.0,84.0,556.0,165.0,0.70983136,person
2,388,520.0,80.0,553.0,169.0,0.5050715,person
2,394,506.0,37.0,555.0,162.0,0.7553904,person
2,426,505.0,94.0,546.0,188.0,0.91162574,person
2,427,502.0,100.0,543.0,188.0,0.99183816,person
2,428,504.0,97.0,542.0,185.0,0.95631284,person
2,430,506.0,99.0,544.0,191.0,0.7030996,person
2,431,504.0,97.0,542.0,191.0,0.93981445,person
2,432,502.0,96.0,546.0,191.0,0.99552685,person
2,433,501.0,98.0,540.0,189.0,0.9474677,person
2,434,501.0,100.0,543.0,193.0,0.994559,person
2,435,501.0,96.0,542.0,194.0,0.9903176,person
2,436,501.0,100.0,539.0,194.0,0.8475014,person
2,437,496.0,98.0,540.0,195.0,0.99512994,person
2,438,493.0,100.0,542.0,199.0,0.9967145,person
2,439,496.0,102.0,541.0,199.0,0.99658954,person
2,440,495.0,103.0,543.0,198.0,0.99691653,person
2,441,498.0,99.0,541.0,201.0,0.996962,person
2,442,495.0,100.0,542.0,200.0,0.9969772,person
2,443,492.0,95.0,541.0,200.0,0.99562883,person
2,444,491.0,94.0,538.0,202.0,0.99747235,person
2,445,491.0,100.0,537.0,203.0,0.9961063,person
2,446,494.0,101.0,540.0,203.0,0.9886029,person
2,447,494.0,99.0,539.0,205.0,0.9891398,person
2,448,493.0,101.0,540.0,206.0,0.99213225,person
2,449,490.0,98.0,539.0,209.0,0.9927584,person
2,450,491.0,97.0,542.0,210.0,0.9929912,person
2,450,543.0,78.0,564.0,94.0,0.55329853,person
2,451,491.0,102.0,541.0,204.0,0.99146795,person
2,452,492.0,103.0,537.0,200.0,0.95802885,person
2,453,490.0,103.0,537.0,201.0,0.9949197,person
2,454,488.0,103.0,536.0,209.0,0.9929259,person
2,455,485.0,97.0,531.0,212.0,0.71585333,person
2,456,484.0,105.0,530.0,213.0,0.8763815,person
2,457,483.0,102.0,531.0,211.0,0.9957052,person
2,458,484.0,105.0,532.0,205.0,0.98625344,person
2,459,484.0,106.0,531.0,212.0,0.9944056,person
2,461,474.0,99.0,527.0,226.0,0.99586177,person
2,462,474.0,103.0,527.0,225.0,0.9965618,person
2,463,474.0,102.0,531.0,229.0,0.99818593,person
2,464,474.0,104.0,532.0,232.0,0.9973459,person
2,465,476.0,104.0,528.0,229.0,0.9955959,person
2,466,473.0,100.0,527.0,231.0,0.9976113,person
2,467,471.0,102.0,529.0,236.0,0.9981997,person
2,468,467.0,106.0,526.0,231.0,0.9977859,person
2,469,472.0,103.0,524.0,239.0,0.99852717,person
2,470,465.0,101.0,523.0,240.0,0.9978709,person
2,471,462.0,110.0,520.0,244.0,0.998615,person
2,472,454.0,104.0,515.0,241.0,0.99732864,person
2,473,450.0,107.0,514.0,243.0,0.99815553,person
2,474,450.0,109.0,510.0,248.0,0.99917126,person
2,475,448.0,105.0,512.0,250.0,0.99875844,person
2,476,446.0,108.0,508.0,247.0,0.9986727,person
2,477,441.0,110.0,504.0,253.0,0.9982876,person
2,478,440.0,109.0,503.0,257.0,0.99919707,person
2,479,438.0,115.0,502.0,261.0,0.99904746,person
2,480,435.0,116.0,508.0,261.0,0.99880576,person
2,481,439.0,109.0,501.0,266.0,0.9991565,person
2,482,437.0,114.0,502.0,266.0,0.99715805,person
2,483,432.0,117.0,502.0,271.0,0.9980927,person
2,484,428.0,114.0,498.0,274.0,0.9987178,person
2,485,426.0,118.0,494.0,274.0,0.9987093,person
2,486,424.0,112.0,495.0,276.0,0.99835277,person
2,487,429.0,116.0,502.0,277.0,0.99834967,person
2,488,427.0,124.0,501.0,280.0,0.985876,person
2,489,423.0,119.0,500.0,287.0,0.99815303,person
2,490,415.0,116.0,496.0,284.0,0.9988418,person
2,491,409.0,128.0,492.0,291.0,0.999108,person
2,492,411.0,117.0,493.0,294.0,0.9989316,person
2,493,414.0,117.0,491.0,299.0,0.99942136,person
2,494,411.0,125.0,488.0,303.0,0.9987961,person
2,495,406.0,112.0,483.0,303.0,0.9996025,person
2,496,397.0,111.0,482.0,308.0,0.9996667,person
2,497,395.0,124.0,487.0,310.0,0.9997186,person
2,498,401.0,112.0,485.0,309.0,0.9993788,person
2,499,403.0,117.0,479.0,315.0,0.9995048,person
2,500,390.0,119.0,475.0,328.0,0.99922836,person
2,501,380.0,116.0,471.0,337.0,0.9995364,person
2,502,369.0,128.0,473.0,327.0,0.9993838,person
2,503,365.0,129.0,467.0,335.0,0.99956065,person
2,504,370.0,113.0,455.0,349.0,0.99963856,person
2,505,365.0,132.0,454.0,345.0,0.9986279,person
2,506,356.0,131.0,455.0,360.0,0.9995005,person
2,507,344.0,129.0,455.0,357.0,0.9996828,person
2,508,343.0,134.0,451.0,377.0,0.9982358,person
2,509,342.0,131.0,450.0,374.0,0.9996264,person
2,510,344.0,130.0,445.0,374.0,0.9994041,person
2,511,344.0,132.0,440.0,383.0,0.99957937,person
2,512,332.0,144.0,440.0,391.0,0.9992686,person
2,513,320.0,139.0,436.0,390.0,0.9994778,person
2,514,315.0,145.0,435.0,411.0,0.99920386,person
2,515,314.0,126.0,440.0,414.0,0.9989712,person
2,516,314.0,131.0,431.0,419.0,0.9993112,person
2,517,303.0,141.0,415.0,438.0,0.9990891,person
2,518,283.0,132.0,415.0,440.0,0.9995017,person
2,519,268.0,147.0,409.0,447.0,0.99911755,person
2,520,256.0,152.0,401.0,467.0,0.99943596,person
2,521,250.0,141.0,386.0,479.0,0.9995523,person
2,522,246.0,149.0,364.0,479.0,0.9992575,person
2,523,231.0,156.0,353.0,479.0,0.99950206,person
2,524,204.0,152.0,355.0,479.0,0.9997373,person
2,525,183.0,166.0,353.0,479.0,0.9998313,person
2,526,176.0,170.0,343.0,479.0,0.9996437,person
2,527,181.0,161.0,332.0,479.0,0.9991271,person
2,528,172.0,171.0,315.0,479.0,0.9995697,person
2,529,152.0,176.0,308.0,479.0,0.99966097,person
2,530,125.0,173.0,315.0,479.0,0.99958783,person
2,531,100.0,191.0,311.0,479.0,0.9991849,person
2,532,104.0,190.0,305.0,479.0,0.9994124,person
2,533,111.0,187.0,288.0,479.0,0.99907243,person
2,534,98.0,195.0,276.0,479.0,0.9985607,person
2,535,72.0,208.0,271.0,479.0,0.99887675,person
2,536,53.0,200.0,275.0,479.0,0.9994686,person
2,537,37.0,215.0,276.0,479.0,0.99896145,person
2,538,39.0,211.0,271.0,479.0,0.9994548,person
2,539,41.0,218.0,262.0,479.0,0.9991054,person
2,540,26.0,253.0,259.0,479.0,0.9990563,person
2,541,7.0,260.0,236.0,479.0,0.99920446,person
2,542,4.0,267.0,231.0,479.0,0.9983322,person
2,543,5.0,305.0,214.0,479.0,0.99802077,person
2,544,6.0,290.0,211.0,479.0,0.9973725,person
2,545,3.0,300.0,193.0,479.0,0.91431254,person
4,104,10.0,256.0,224.0,479.0,0.99680483,person
4,105,18.0,245.0,287.0,479.0,0.9980927,person
4,106,43.0,245.0,295.0,479.0,0.9877415,person
4,107,53.0,225.0,304.0,479.0,0.9973992,person
4,108,88.0,219.0,299.0,479.0,0.99760276,person
4,109,123.0,225.0,330.0,479.0,0.9989151,person
4,110,157.0,193.0,367.0,479.0,0.99921834,person
4,111,177.0,194.0,395.0,479.0,0.99899644,person
4,112,197.0,193.0,415.0,479.0,0.9991567,person
4,113,210.0,179.0,404.0,479.0,0.99901927,person
4,114,223.0,180.0,405.0,479.0,0.99935657,person
4,115,244.0,177.0,424.0,479.0,0.99950385,person
4,116,256.0,163.0,445.0,479.0,0.99948716,person
4,117,257.0,166.0,458.0,479.0,0.99959236,person
4,118,275.0,159.0,467.0,479.0,0.9995357,person
4,119,295.0,144.0,458.0,479.0,0.9994629,person
4,120,307.0,155.0,458.0,479.0,0.9996989,person
4,121,325.0,146.0,467.0,479.0,0.99962366,person
4,122,318.0,149.0,479.0,479.0,0.999777,person
4,123,322.0,153.0,485.0,479.0,0.9998318,person
4,124,335.0,148.0,472.0,479.0,0.9996414,person
4,125,341.0,141.0,472.0,479.0,0.99919266,person
4,126,349.0,142.0,485.0,463.0,0.99950767,person
4,127,366.0,134.0,503.0,450.0,0.9994578,person
4,128,369.0,137.0,509.0,449.0,0.99971277,person
4,129,377.0,142.0,510.0,440.0,0.9995203,person
4,130,388.0,137.0,509.0,423.0,0.9996493,person
4,131,394.0,132.0,508.0,419.0,0.99972755,person
4,132,404.0,130.0,517.0,408.0,0.9996269,person
4,133,405.0,120.0,526.0,401.0,0.9995272,person
4,134,405.0,131.0,531.0,406.0,0.9995776,person
4,135,408.0,130.0,526.0,394.0,0.9995834,person
4,136,412.0,122.0,518.0,387.0,0.99870706,person
4,137,413.0,116.0,520.0,386.0,0.99927,person
4,138,418.0,128.0,521.0,371.0,0.9994221,person
4,139,412.0,113.0,518.0,365.0,0.99939096,person
4,140,409.0,124.0,515.0,364.0,0.99930286,person
4,141,415.0,115.0,518.0,352.0,0.9990941,person
4,142,413.0,122.0,516.0,356.0,0.99628437,person
4,143,417.0,126.0,517.0,354.0,0.99957055,person
4,144,415.0,124.0,510.0,335.0,0.9965467,person
4,145,408.0,129.0,506.0,331.0,0.9995728,person
4,146,407.0,129.0,507.0,331.0,0.9972059,person
4,147,411.0,126.0,506.0,323.0,0.99871767,person
4,148,418.0,122.0,506.0,320.0,0.99928623,person
4,149,422.0,129.0,509.0,316.0,0.99933726,person
4,150,426.0,118.0,516.0,313.0,0.9986338,person
4,151,429.0,118.0,515.0,310.0,0.998941,person
4,152,432.0,127.0,514.0,303.0,0.99884605,person
4,153,433.0,120.0,519.0,300.0,0.9992459,person
4,154,432.0,119.0,519.0,297.0,0.999595,person
4,155,437.0,120.0,520.0,294.0,0.9992955,person
4,156,441.0,121.0,520.0,290.0,0.9991818,person
4,157,440.0,124.0,523.0,289.0,0.9987172,person
4,158,436.0,115.0,515.0,286.0,0.99917847,person
4,159,439.0,117.0,514.0,289.0,0.9976618,person
4,160,436.0,116.0,515.0,286.0,0.9962521,person
4,161,439.0,114.0,508.0,278.0,0.9992914,person
4,162,433.0,118.0,507.0,280.0,0.9989562,person
4,163,432.0,120.0,507.0,281.0,0.9977723,person
4,164,428.0,112.0,501.0,272.0,0.9982346,person
4,165,432.0,114.0,504.0,267.0,0.99842584,person
4,166,434.0,118.0,501.0,265.0,0.99868184,person
4,167,436.0,110.0,503.0,266.0,0.9990157,person
4,168,427.0,115.0,509.0,265.0,0.9990459,person
4,169,433.0,110.0,504.0,262.0,0.9973533,person
4,170,439.0,107.0,504.0,259.0,0.99926955,person
4,171,444.0,106.0,507.0,254.0,0.9989876,person
4,172,446.0,110.0,509.0,253.0,0.99931526,person
4,173,446.0,105.0,509.0,251.0,0.9993231,person
4,174,451.0,108.0,510.0,253.0,0.9991412,person
4,175,447.0,110.0,511.0,245.0,0.99938667,person
4,176,452.0,106.0,516.0,242.0,0.99841714,person
4,177,455.0,108.0,516.0,242.0,0.99770457,person
4,178,455.0,106.0,519.0,240.0,0.9975846,person
4,179,452.0,104.0,513.0,245.0,0.99952936,person
4,180,450.0,107.0,514.0,243.0,0.99928516,person
4,181,455.0,105.0,518.0,234.0,0.99851376,person
4,182,456.0,102.0,514.0,233.0,0.9990651,person
4,183,458.0,108.0,515.0,232.0,0.9986242,person
4,184,458.0,102.0,510.0,227.0,0.998214,person
4,185,462.0,103.0,511.0,233.0,0.9991866,person
4,186,462.0,105.0,512.0,224.0,0.99911803,person
4,187,462.0,103.0,512.0,224.0,0.9992243,person
4,188,461.0,105.0,511.0,224.0,0.99806803,person
4,189,468.0,102.0,516.0,219.0,0.99897814,person
4,190,465.0,101.0,521.0,221.0,0.9991333,person
4,191,462.0,101.0,518.0,219.0,0.9991641,person
4,192,468.0,101.0,517.0,217.0,0.99925786,person
4,193,470.0,100.0,519.0,217.0,0.99931896,person
4,194,474.0,102.0,523.0,216.0,0.9980081,person
4,195,473.0,99.0,524.0,214.0,0.99837047,person
4,196,475.0,101.0,528.0,213.0,0.99907136,person
4,197,478.0,100.0,531.0,214.0,0.9986187,person
4,198,483.0,96.0,532.0,212.0,0.99880505,person
4,199,487.0,98.0,534.0,205.0,0.9978514,person
4,200,490.0,102.0,537.0,204.0,0.9963882,person
4,201,490.0,97.0,539.0,203.0,0.99792445,person
4,202,489.0,103.0,545.0,210.0,0.9987154,person
4,203,491.0,97.0,542.0,203.0,0.998623,person
4,204,492.0,97.0,541.0,201.0,0.9979615,person
4,205,497.0,103.0,543.0,201.0,0.9967924,person
4,206,499.0,95.0,548.0,198.0,0.998618,person
4,207,497.0,98.0,550.0,197.0,0.9991905,person
4,208,500.0,99.0,552.0,199.0,0.99878174,person
4,209,503.0,96.0,550.0,197.0,0.9977034,person
4,210,503.0,97.0,546.0,196.0,0.9977301,person
4,211,504.0,97.0,550.0,195.0,0.9970572,person
4,212,502.0,95.0,550.0,195.0,0.9981616,person
4,213,500.0,97.0,551.0,192.0,0.99810225,person
4,214,503.0,95.0,548.0,193.0,0.9982344,person
4,215,506.0,95.0,549.0,194.0,0.99762386,person
4,216,509.0,97.0,548.0,191.0,0.9902452,person
4,217,508.0,99.0,548.0,189.0,0.99129057,person
4,218,509.0,95.0,551.0,192.0,0.9932939,person
4,219,510.0,98.0,551.0,189.0,0.9940984,person
4,220,509.0,91.0,553.0,189.0,0.99459654,person
4,221,512.0,94.0,552.0,187.0,0.9941267,person
4,222,510.0,91.0,552.0,187.0,0.9884863,person
4,223,512.0,92.0,553.0,185.0,0.9962972,person
4,224,512.0,93.0,557.0,188.0,0.9968334,person
4,225,513.0,92.0,560.0,185.0,0.9945404,person
4,226,516.0,90.0,558.0,188.0,0.9946484,person
4,227,518.0,85.0,558.0,187.0,0.78898513,person
4,228,519.0,94.0,559.0,183.0,0.99460196,person
4,229,519.0,93.0,558.0,188.0,0.98815584,person
4,230,521.0,94.0,558.0,185.0,0.98615634,person
4,231,523.0,94.0,560.0,184.0,0.9907341,person
4,232,524.0,91.0,562.0,181.0,0.9860985,person
4,233,523.0,94.0,562.0,182.0,0.9961229,person
4,234,525.0,91.0,564.0,181.0,0.9706294,person
4,235,523.0,92.0,564.0,189.0,0.9953642,person
4,236,524.0,90.0,566.0,182.0,0.9951485,person
4,237,525.0,92.0,565.0,180.0,0.9923968,person
4,238,527.0,85.0,567.0,175.0,0.95385087,person
4,239,526.0,90.0,567.0,170.0,0.9938101,person
4,240,526.0,90.0,565.0,177.0,0.9698397,person
4,241,528.0,91.0,569.0,175.0,0.99754804,person
4,242,529.0,91.0,569.0,173.0,0.99122953,person
4,243,527.0,83.0,569.0,173.0,0.97358114,person
4,244,532.0,91.0,566.0,171.0,0.8550478,person
4,245,531.0,90.0,569.0,174.0,0.8787902,person
4,246,530.0,94.0,570.0,174.0,0.9601075,person
4,247,527.0,83.0,578.0,174.0,0.7823353,person
4,248,529.0,84.0,571.0,174.0,0.8948463,person
4,249,530.0,91.0,569.0,171.0,0.6939507,person
4,250,529.0,74.0,582.0,169.0,0.9415697,person
4,250,538.0,98.0,559.0,155.0,0.7127096,person
4,253,526.0,80.0,579.0,169.0,0.94036174,person
4,254,527.0,76.0,576.0,169.0,0.930546,person
4,256,531.0,82.0,574.0,169.0,0.5854013,person
4,257,534.0,87.0,572.0,172.0,0.9042594,person
4,257,531.0,89.0,549.0,149.0,0.66645646,person
4,258,531.0,80.0,578.0,169.0,0.86425894,person
4,258,542.0,77.0,568.0,97.0,0.6011764,person
4,259,528.0,81.0,575.0,170.0,0.8865755,person
4,261,532.0,85.0,574.0,176.0,0.86910146,person
4,262,534.0,83.0,574.0,170.0,0.6697844,person
4,265,532.0,80.0,586.0,166.0,0.94018596,person
4,266,527.0,76.0,587.0,164.0,0.9875202,person
4,267,530.0,79.0,587.0,162.0,0.9921034,person
4,268,533.0,83.0,590.0,162.0,0.98848814,person
4,269,534.0,84.0,590.0,161.0,0.98894835,person
4,271,532.0,74.0,588.0,160.0,0.96419895,person
4,272,532.0,80.0,591.0,161.0,0.7578129,person
4,274,552.0,87.0,587.0,163.0,0.7296962,person
4,274,529.0,96.0,544.0,118.0,0.527946,person
4,281,557.0,67.0,609.0,158.0,0.5388857,person
4,281,537.0,94.0,555.0,123.0,0.5123074,person
4,368,530.0,74.0,579.0,157.0,0.96927196,person
4,369,532.0,86.0,570.0,164.0,0.93626577,person
4,371,525.0,73.0,572.0,157.0,0.5288267,person
4,372,531.0,82.0,572.0,159.0,0.9629887,person
4,372,531.0,89.0,549.0,136.0,0.92340773,person
4,372,525.0,93.0,536.0,132.0,0.7544987,person
4,373,533.0,83.0,568.0,161.0,0.97655416,person
4,374,532.0,90.0,568.0,159.0,0.9942498,person
4,375,533.0,83.0,569.0,162.0,0.985959,person
4,375,541.0,79.0,563.0,97.0,0.6925013,person
4,376,533.0,86.0,568.0,165.0,0.78214,person
4,377,534.0,89.0,566.0,164.0,0.8820196,person
4,378,533.0,87.0,566.0,163.0,0.9697019,person
4,379,530.0,90.0,564.0,167.0,0.8758923,person
4,380,530.0,95.0,553.0,155.0,0.71382815,person
4,381,526.0,92.0,540.0,148.0,0.5727112,person
4,382,528.0,87.0,562.0,163.0,0.8344363,person
4,382,524.0,84.0,539.0,151.0,0.58699316,person
4,383,525.0,86.0,561.0,161.0,0.94957113,person
4,384,523.0,79.0,557.0,162.0,0.9475455,person
4,385,519.0,77.0,558.0,159.0,0.9672529,person
4,386,522.0,88.0,552.0,162.0,0.9246811,person
4,391,518.0,89.0,547.0,162.0,0.66503984,person
4,392,517.0,92.0,552.0,171.0,0.71541053,person
4,396,512.0,87.0,550.0,169.0,0.89174306,person
4,397,511.0,88.0,552.0,164.0,0.665661,person
4,398,512.0,95.0,527.0,151.0,0.6392672,person
4,401,514.0,90.0,552.0,168.0,0.67148477,person
4,401,543.0,79.0,565.0,105.0,0.6391277,person
4,402,516.0,91.0,551.0,169.0,0.9664606,person
4,403,513.0,89.0,553.0,168.0,0.9739343,person
4,404,515.0,95.0,552.0,174.0,0.92970353,person
4,404,534.0,83.0,557.0,131.0,0.6840925,person
4,405,520.0,89.0,544.0,162.0,0.8537198,person
4,406,515.0,89.0,553.0,172.0,0.9828294,person
4,407,513.0,86.0,551.0,176.0,0.9922821,person
4,408,508.0,91.0,549.0,174.0,0.98504734,person
4,409,510.0,87.0,550.0,178.0,0.9730417,person
4,411,513.0,94.0,550.0,181.0,0.9535565,person
4,412,513.0,100.0,548.0,183.0,0.69325733,person
4,413,511.0,98.0,547.0,182.0,0.9623497,person
4,414,507.0,95.0,547.0,184.0,0.98908573,person
4,415,506.0,99.0,546.0,187.0,0.9541899,person
4,416,507.0,93.0,544.0,183.0,0.9346829,person
4,417,507.0,94.0,546.0,182.0,0.9830003,person
4,418,508.0,97.0,545.0,185.0,0.9847943,person
4,419,506.0,96.0,545.0,183.0,0.9916468,person
4,420,505.0,95.0,546.0,181.0,0.9971933,person
4,421,505.0,98.0,547.0,186.0,0.9981817,person
4,422,507.0,94.0,549.0,186.0,0.995535,person
4,423,508.0,96.0,548.0,184.0,0.9854183,person
4,424,507.0,99.0,547.0,189.0,0.99614257,person
4,425,503.0,95.0,546.0,188.0,0.9982476,person
4,426,501.0,97.0,544.0,187.0,0.99782807,person
4,427,501.0,97.0,545.0,187.0,0.9962191,person
4,428,504.0,96.0,547.0,188.0,0.998168,person
4,429,504.0,100.0,544.0,189.0,0.9960576,person
4,430,502.0,100.0,545.0,190.0,0.9977329,person
4,431,500.0,98.0,548.0,190.0,0.99838424,person
4,432,501.0,98.0,546.0,190.0,0.9980933,person
4,433,499.0,99.0,545.0,192.0,0.99753666,person
4,434,499.0,99.0,543.0,192.0,0.9976781,person
4,435,500.0,99.0,544.0,194.0,0.99849474,person
4,436,497.0,99.0,542.0,195.0,0.99698454,person
4,437,493.0,95.0,543.0,198.0,0.9992506,person
4,438,493.0,100.0,542.0,198.0,0.99864763,person
4,439,495.0,101.0,544.0,200.0,0.9986595,person
4,440,497.0,98.0,547.0,201.0,0.9979862,person
4,441,494.0,102.0,545.0,200.0,0.9989502,person
4,442,493.0,99.0,543.0,200.0,0.9987495,person
4,443,488.0,97.0,540.0,202.0,0.99897516,person
4,444,488.0,100.0,540.0,203.0,0.99889296,person
4,445,491.0,99.0,538.0,205.0,0.99847955,person
4,446,494.0,99.0,541.0,208.0,0.9983115,person
4,447,491.0,101.0,540.0,211.0,0.9973138,person
4,448,491.0,100.0,542.0,208.0,0.9991283,person
4,449,490.0,100.0,543.0,208.0,0.9980698,person
4,450,490.0,103.0,542.0,201.0,0.9967777,person
4,451,490.0,100.0,541.0,204.0,0.99819994,person
4,452,489.0,103.0,542.0,213.0,0.9988354,person
4,453,487.0,104.0,539.0,212.0,0.9982679,person
4,454,484.0,99.0,533.0,216.0,0.99790084,person
4,455,480.0,100.0,534.0,217.0,0.99915946,person
4,456,480.0,103.0,532.0,219.0,0.9983032,person
4,457,482.0,99.0,533.0,217.0,0.99868304,person
4,458,483.0,103.0,533.0,218.0,0.9990872,person
4,459,479.0,104.0,535.0,220.0,0.999283,person
4,460,474.0,99.0,531.0,223.0,0.999286,person
4,461,472.0,101.0,530.0,224.0,0.99863166,person
4,462,471.0,107.0,532.0,229.0,0.99899274,person
4,463,471.0,98.0,532.0,233.0,0.9991019,person
4,464,474.0,106.0,532.0,229.0,0.9988281,person
4,465,474.0,106.0,529.0,231.0,0.9986431,person
4,466,467.0,104.0,527.0,236.0,0.9980469,person
4,467,470.0,106.0,527.0,238.0,0.9984615,person
4,468,466.0,103.0,525.0,236.0,0.9981426,person
4,469,467.0,102.0,524.0,237.0,0.99837756,person
4,470,464.0,110.0,521.0,240.0,0.9988524,person
4,471,457.0,106.0,517.0,243.0,0.9992792,person
4,472,450.0,105.0,517.0,243.0,0.99860865,person
4,473,449.0,107.0,511.0,248.0,0.9993994,person
4,474,451.0,104.0,509.0,249.0,0.99899274,person
4,475,450.0,108.0,512.0,250.0,0.9984068,person
4,476,444.0,109.0,506.0,250.0,0.9992011,person
4,477,440.0,110.0,504.0,251.0,0.99884015,person
4,478,437.0,113.0,503.0,258.0,0.9993498,person
4,479,438.0,112.0,504.0,262.0,0.99893147,person
4,480,436.0,109.0,505.0,259.0,0.9990085,person
4,481,438.0,115.0,507.0,263.0,0.9974261,person
4,482,434.0,115.0,502.0,266.0,0.9992681,person
4,483,429.0,111.0,499.0,271.0,0.9989786,person
4,484,424.0,114.0,499.0,270.0,0.9991265,person
4,485,422.0,116.0,499.0,277.0,0.99927706,person
4,486,427.0,113.0,501.0,277.0,0.9987729,person
4,487,427.0,118.0,501.0,278.0,0.9987081,person
4,488,424.0,120.0,500.0,286.0,0.99928063,person
4,489,416.0,116.0,498.0,286.0,0.99875116,person
4,490,412.0,117.0,489.0,295.0,0.999151,person
4,491,412.0,114.0,489.0,305.0,0.9991345,person
4,492,411.0,110.0,490.0,307.0,0.9994149,person
4,493,412.0,118.0,486.0,305.0,0.9984242,person
4,494,406.0,110.0,486.0,303.0,0.9986708,person
4,495,399.0,115.0,483.0,302.0,0.99955815,person
4,496,395.0,117.0,487.0,309.0,0.9996051,person
4,497,399.0,111.0,485.0,312.0,0.9995802,person
4,498,399.0,113.0,481.0,315.0,0.9996439,person
4,499,392.0,118.0,478.0,322.0,0.9993886,person
4,500,380.0,118.0,472.0,325.0,0.9993437,person
4,501,369.0,118.0,474.0,328.0,0.99962866,person
4,502,362.0,127.0,472.0,340.0,0.99947363,person
4,503,369.0,119.0,457.0,353.0,0.99932253,person
4,504,364.0,126.0,453.0,356.0,0.9994235,person
4,505,359.0,130.0,452.0,363.0,0.9996556,person
4,506,348.0,125.0,455.0,357.0,0.9996675,person
4,507,341.0,131.0,456.0,364.0,0.9995384,person
4,508,340.0,132.0,455.0,376.0,0.9997129,person
4,509,345.0,123.0,447.0,374.0,0.9996983,person
4,510,344.0,127.0,442.0,379.0,0.9996635,person
4,511,335.0,131.0,442.0,390.0,0.99967873,person
4,512,325.0,140.0,440.0,399.0,0.9996295,person
4,513,316.0,137.0,435.0,409.0,0.9994093,person
4,514,313.0,137.0,435.0,416.0,0.9984579,person
4,515,316.0,129.0,433.0,422.0,0.9994535,person
4,516,305.0,142.0,421.0,435.0,0.99970526,person
4,517,294.0,147.0,410.0,443.0,0.9997634,person
4,518,276.0,129.0,407.0,451.0,0.99922836,person
4,519,261.0,148.0,400.0,466.0,0.998698,person
4,520,243.0,139.0,395.0,471.0,0.9995733,person
4,521,247.0,143.0,373.0,479.0,0.9993599,person
4,522,236.0,152.0,359.0,479.0,0.9993826,person
4,523,216.0,142.0,352.0,479.0,0.9996971,person
4,524,188.0,153.0,352.0,479.0,0.9997825,person
4,525,173.0,167.0,348.0,479.0,0.9998216,person
4,526,178.0,165.0,341.0,479.0,0.9994474,person
4,527,177.0,158.0,318.0,479.0,0.9995627,person
4,528,155.0,174.0,311.0,479.0,0.9987174,person
4,529,139.0,174.0,312.0,479.0,0.9991627,person
4,530,110.0,188.0,312.0,479.0,0.99965954,person
4,531,102.0,188.0,311.0,479.0,0.999203,person
4,532,107.0,188.0,296.0,479.0,0.97834394,person
4,533,100.0,195.0,285.0,479.0,0.966534,person
4,536,29.0,215.0,277.0,479.0,0.9888016,person
4,540,10.0,247.0,242.0,479.0,0.9882375,person
4,542,7.0,283.0,221.0,479.0,0.98799573,person
4,543,8.0,278.0,211.0,479.0,0.986952,person
6,104,6.0,269.0,196.0,479.0,0.9902351,person
6,105,5.0,246.0,272.0,479.0,0.99644756,person
6,106,14.0,259.0,302.0,479.0,0.99139845,person
6,107,52.0,231.0,301.0,479.0,0.99841344,person
6,108,71.0,215.0,296.0,479.0,0.99734914,person
6,109,105.0,227.0,313.0,479.0,0.9984633,person
6,110,144.0,202.0,352.0,479.0,0.99855644,person
6,111,162.0,192.0,393.0,479.0,0.99856097,person
6,112,194.0,200.0,411.0,479.0,0.9985965,person
6,113,204.0,187.0,409.0,479.0,0.99926335,person
6,114,220.0,178.0,401.0,479.0,0.99916387,person
6,115,237.0,182.0,414.0,479.0,0.9991015,person
6,116,256.0,167.0,437.0,479.0,0.999479,person
6,117,262.0,157.0,453.0,479.0,0.9992842,person
6,118,270.0,165.0,460.0,479.0,0.9994286,person
6,119,288.0,157.0,462.0,479.0,0.9994642,person
6,120,300.0,152.0,464.0,479.0,0.9994248,person
6,121,323.0,152.0,463.0,479.0,0.99930286,person
6,122,317.0,142.0,471.0,479.0,0.9997003,person
6,123,318.0,146.0,484.0,479.0,0.9996717,person
6,124,327.0,145.0,479.0,479.0,0.99976164,person
6,125,340.0,138.0,473.0,479.0,0.99934405,person
6,126,349.0,144.0,477.0,471.0,0.9995907,person
6,127,359.0,135.0,498.0,446.0,0.9995359,person
6,128,367.0,132.0,505.0,445.0,0.99961805,person
6,129,373.0,135.0,509.0,443.0,0.99950063,person
6,130,386.0,130.0,508.0,424.0,0.99958843,person
6,131,393.0,119.0,510.0,419.0,0.99953413,person
6,132,399.0,130.0,516.0,409.0,0.99974006,person
6,133,403.0,124.0,522.0,413.0,0.9994885,person
6,134,406.0,125.0,529.0,406.0,0.9997447,person
6,135,408.0,132.0,526.0,396.0,0.99969244,person
6,136,411.0,124.0,519.0,390.0,0.9996118,person
6,137,411.0,123.0,518.0,381.0,0.99953485,person
6,138,416.0,128.0,520.0,371.0,0.9995233,person
6,139,413.0,119.0,520.0,372.0,0.9994659,person
6,140,413.0,129.0,518.0,364.0,0.9990324,person
6,141,413.0,124.0,517.0,365.0,0.9980894,person
6,142,412.0,125.0,516.0,354.0,0.99879396,person
6,143,415.0,132.0,514.0,350.0,0.9993643,person
6,144,417.0,129.0,511.0,344.0,0.9995271,person
6,145,412.0,125.0,505.0,333.0,0.99599,person
6,146,408.0,128.0,505.0,336.0,0.99953675,person
6,147,417.0,119.0,507.0,331.0,0.9995664,person
6,148,416.0,116.0,506.0,322.0,0.99928373,person
6,149,419.0,126.0,508.0,321.0,0.9995685,person
6,150,426.0,122.0,515.0,310.0,0.9911306,person
6,151,429.0,119.0,515.0,310.0,0.99933904,person
6,152,430.0,125.0,516.0,308.0,0.9993148,person
6,153,432.0,101.0,516.0,303.0,0.9990883,person
6,154,434.0,121.0,518.0,297.0,0.99674845,person
6,155,435.0,120.0,521.0,291.0,0.9992855,person
6,156,440.0,120.0,520.0,294.0,0.9995061,person
6,157,440.0,121.0,522.0,293.0,0.99943465,person
6,158,441.0,119.0,514.0,291.0,0.9988507,person
6,159,439.0,115.0,514.0,282.0,0.9926271,person
6,160,438.0,117.0,517.0,288.0,0.99800473,person
6,161,434.0,116.0,513.0,281.0,0.92475814,person
6,162,436.0,114.0,507.0,276.0,0.99723107,person
6,163,431.0,115.0,510.0,278.0,0.99606687,person
6,164,430.0,119.0,509.0,269.0,0.9987477,person
6,165,429.0,107.0,504.0,268.0,0.99882764,person
6,166,433.0,117.0,501.0,265.0,0.9985177,person
6,167,435.0,113.0,503.0,267.0,0.99803716,person
6,168,432.0,112.0,508.0,266.0,0.99909794,person
6,169,431.0,109.0,506.0,264.0,0.9957539,person
6,170,434.0,108.0,502.0,258.0,0.99909365,person
6,171,442.0,106.0,507.0,256.0,0.99926,person
6,172,444.0,111.0,511.0,253.0,0.99939716,person
6,173,444.0,104.0,513.0,254.0,0.9994128,person
6,174,449.0,109.0,514.0,253.0,0.99912125,person
6,175,450.0,108.0,515.0,246.0,0.99876094,person
6,176,453.0,104.0,511.0,244.0,0.99916184,person
6,177,452.0,107.0,517.0,243.0,0.99881387,person
6,178,454.0,106.0,515.0,246.0,0.9985582,person
6,179,453.0,103.0,518.0,238.0,0.9989524,person
6,180,451.0,106.0,520.0,239.0,0.9990374,person
6,181,454.0,106.0,516.0,236.0,0.9991239,person
6,182,456.0,104.0,512.0,234.0,0.99925643,person
6,183,459.0,106.0,513.0,233.0,0.9989901,person
6,184,459.0,102.0,511.0,227.0,0.9975138,person
6,185,460.0,102.0,513.0,231.0,0.9991572,person
6,186,460.0,106.0,514.0,227.0,0.9992593,person
6,187,461.0,102.0,514.0,223.0,0.99934906,person
6,188,462.0,102.0,516.0,224.0,0.9987431,person
6,189,463.0,103.0,517.0,218.0,0.99926335,person
6,190,463.0,100.0,519.0,218.0,0.99846965,person
6,191,462.0,101.0,519.0,222.0,0.9990706,person
6,192,464.0,102.0,522.0,216.0,0.9990332,person
6,193,465.0,100.0,520.0,216.0,0.9990675,person
6,194,471.0,102.0,521.0,217.0,0.9984615,person
6,195,475.0,102.0,528.0,213.0,0.9971244,person
6,196,475.0,101.0,528.0,213.0,0.99946564,person
6,196,476.0,112.0,493.0,179.0,0.6229796,person
6,197,477.0,103.0,530.0,212.0,0.99908745,person
6,198,480.0,99.0,530.0,211.0,0.99763274,person
6,199,484.0,99.0,532.0,209.0,0.9986418,person
6,200,488.0,100.0,536.0,206.0,0.99765885,person
6,201,489.0,96.0,540.0,203.0,0.99813557,person
6,202,489.0,101.0,543.0,204.0,0.99872583,person
6,202,492.0,103.0,512.0,169.0,0.68341064,person
6,203,491.0,101.0,543.0,203.0,0.99917245,person
6,203,527.0,103.0,550.0,125.0,0.54223144,person
6,204,492.0,97.0,541.0,202.0,0.99900985,person
6,204,528.0,102.0,549.0,122.0,0.57052314,person
6,205,496.0,103.0,542.0,200.0,0.9963995,person
6,206,500.0,97.0,545.0,199.0,0.9979373,person
6,207,497.0,94.0,551.0,199.0,0.999292,person
6,208,497.0,97.0,555.0,201.0,0.99917114,person
6,209,502.0,97.0,551.0,197.0,0.9989183,person
6,210,503.0,98.0,548.0,197.0,0.9968213,person
6,211,504.0,101.0,548.0,197.0,0.99584216,person
6,212,504.0,97.0,551.0,194.0,0.99853396,person
6,212,504.0,99.0,524.0,164.0,0.68692553,person
6,213,500.0,100.0,553.0,195.0,0.99841607,person
6,214,502.0,96.0,549.0,192.0,0.99871814,person
6,215,505.0,97.0,549.0,190.0,0.9979225,person
6,216,507.0,99.0,549.0,190.0,0.99655557,person
6,217,507.0,99.0,551.0,188.0,0.9980788,person
6,218,507.0,95.0,551.0,191.0,0.9980793,person
6,218,505.0,99.0,526.0,154.0,0.6407193,person
6,219,507.0,98.0,553.0,189.0,0.9976439,person
6,220,508.0,95.0,555.0,187.0,0.9964761,person
6,221,508.0,94.0,551.0,185.0,0.99718696,person
6,222,513.0,95.0,552.0,187.0,0.99648654,person
6,223,514.0,93.0,553.0,186.0,0.99628013,person
6,224,512.0,92.0,555.0,186.0,0.9976277,person
6,225,513.0,93.0,558.0,188.0,0.99703515,person
6,226,515.0,90.0,556.0,183.0,0.9969208,person
6,227,517.0,92.0,557.0,183.0,0.9959176,person
6,228,521.0,93.0,559.0,183.0,0.9918682,person
6,229,518.0,91.0,560.0,183.0,0.99660504,person
6,230,515.0,92.0,562.0,182.0,0.9983285,person
6,231,522.0,92.0,561.0,180.0,0.9960246,person
6,232,524.0,93.0,561.0,181.0,0.994921,person
6,233,521.0,92.0,561.0,178.0,0.9858694,person
6,234,525.0,93.0,562.0,176.0,0.9935034,person
6,235,523.0,93.0,562.0,180.0,0.9913044,person
6,235,541.0,81.0,564.0,96.0,0.517115,person
6,236,523.0,93.0,565.0,182.0,0.99447167,person
6,237,527.0,90.0,565.0,178.0,0.9911226,person
6,237,523.0,81.0,540.0,133.0,0.66011107,person
6,238,527.0,96.0,566.0,176.0,0.9693611,person
6,239,528.0,95.0,564.0,173.0,0.940653,person
6,240,527.0,95.0,566.0,178.0,0.97681254,person
6,240,526.0,89.0,543.0,136.0,0.72356063,person
6,241,528.0,91.0,567.0,173.0,0.9927632,person
6,242,527.0,92.0,572.0,176.0,0.9886107,person
6,242,526.0,93.0,543.0,152.0,0.825092,person
6,243,530.0,94.0,570.0,173.0,0.995689,person
6,244,532.0,94.0,570.0,176.0,0.9824859,person
6,244,527.0,93.0,541.0,145.0,0.5881726,person
6,245,530.0,94.0,568.0,176.0,0.96708095,person
6,246,530.0,90.0,575.0,172.0,0.9852785,person
6,246,528.0,89.0,547.0,143.0,0.81246364,person
6,247,530.0,90.0,573.0,173.0,0.98276764,person
6,247,531.0,92.0,548.0,144.0,0.8568665,person
6,247,526.0,87.0,540.0,116.0,0.7546867,person
6,248,529.0,89.0,571.0,171.0,0.995921,person
6,248,539.0,83.0,565.0,101.0,0.51177955,person
6,249,531.0,93.0,573.0,170.0,0.99540377,person
6,249,531.0,91.0,550.0,128.0,0.71516263,person
6,249,522.0,89.0,540.0,120.0,0.6126845,person
6,250,532.0,93.0,574.0,172.0,0.98770744,person
6,250,528.0,92.0,548.0,126.0,0.7253107,person
6,251,536.0,90.0,573.0,173.0,0.9836813,person
6,251,526.0,89.0,542.0,118.0,0.62120104,person
6,252,535.0,92.0,580.0,163.0,0.9911588,person
6,252,528.0,90.0,542.0,112.0,0.53268903,person
6,253,532.0,88.0,576.0,166.0,0.97412974,person
6,253,541.0,80.0,566.0,98.0,0.57358754,person
6,254,525.0,88.0,581.0,166.0,0.97573155,person
6,255,528.0,81.0,574.0,164.0,0.9704572,person
6,256,532.0,85.0,575.0,168.0,0.9679363,person
6,257,527.0,91.0,545.0,117.0,0.62707675,person
6,258,532.0,93.0,575.0,169.0,0.98564535,person
6,258,526.0,94.0,543.0,135.0,0.5423267,person
6,259,534.0,91.0,573.0,173.0,0.98035175,person
6,259,530.0,92.0,554.0,128.0,0.63572073,person
6,259,526.0,90.0,541.0,115.0,0.6105829,person
6,260,527.0,81.0,574.0,164.0,0.96413714,person
6,261,526.0,79.0,579.0,167.0,0.9961392,person
6,262,535.0,85.0,579.0,166.0,0.99530315,person
6,262,541.0,82.0,566.0,106.0,0.62638205,person
6,263,538.0,87.0,576.0,166.0,0.96226794,person
6,263,534.0,90.0,551.0,143.0,0.734891,person
6,264,530.0,84.0,583.0,163.0,0.9512551,person
6,265,530.0,76.0,584.0,166.0,0.9836511,person
6,266,527.0,77.0,587.0,164.0,0.99159205,person
6,267,530.0,77.0,587.0,162.0,0.9906562,person
6,268,535.0,84.0,588.0,163.0,0.9916095,person
6,269,538.0,82.0,588.0,163.0,0.98593444,person
6,270,539.0,86.0,589.0,165.0,0.9791089,person
6,271,534.0,84.0,589.0,162.0,0.9697566,person
6,272,534.0,88.0,588.0,157.0,0.97396344,person
6,273,548.0,83.0,588.0,164.0,0.8918083,person
6,274,547.0,82.0,587.0,160.0,0.9650532,person
6,274,531.0,94.0,546.0,119.0,0.7220554,person
6,280,536.0,93.0,554.0,119.0,0.593996,person
6,281,546.0,78.0,565.0,102.0,0.6131291,person
6,284,556.0,76.0,589.0,156.0,0.52522886,person
6,286,540.0,79.0,564.0,102.0,0.58874863,person
6,287,531.0,80.0,555.0,108.0,0.50559497,person
6,288,541.0,80.0,561.0,100.0,0.64590114,person
6,289,543.0,77.0,564.0,105.0,0.68076754,person
6,290,533.0,93.0,551.0,116.0,0.69150734,person
6,290,544.0,77.0,564.0,99.0,0.5692472,person
6,291,542.0,76.0,565.0,98.0,0.5923225,person
6,295,557.0,76.0,600.0,156.0,0.5613629,person
6,296,545.0,77.0,564.0,102.0,0.59421223,person
6,297,543.0,75.0,563.0,99.0,0.5188726,person
6,303,591.0,69.0,607.0,90.0,0.8545729,person
6,317,545.0,86.0,563.0,105.0,0.55607516,person
6,320,540.0,74.0,576.0,158.0,0.5962724,person
6,320,531.0,85.0,552.0,125.0,0.50608957,person
6,321,532.0,80.0,553.0,128.0,0.56419694,person
6,321,542.0,76.0,565.0,110.0,0.55092835,person
6,321,536.0,77.0,575.0,157.0,0.5492005,person
6,322,527.0,91.0,543.0,116.0,0.55268574,person
6,323,527.0,84.0,545.0,124.0,0.78105557,person
6,324,524.0,74.0,562.0,153.0,0.621284,person
6,325,524.0,74.0,540.0,140.0,0.87117404,person
6,326,519.0,83.0,553.0,147.0,0.94978905,person
6,327,518.0,80.0,550.0,148.0,0.9689482,person
6,328,518.0,80.0,547.0,155.0,0.5505849,person
6,329,518.0,84.0,547.0,155.0,0.6858104,person
6,330,514.0,90.0,526.0,128.0,0.5214442,person
6,331,518.0,86.0,550.0,152.0,0.584524,person
6,332,524.0,82.0,543.0,141.0,0.7707088,person
6,332,532.0,72.0,555.0,99.0,0.7058386,person
6,333,520.0,83.0,540.0,141.0,0.9046868,person
6,333,530.0,83.0,555.0,118.0,0.63750285,person
6,333,543.0,77.0,563.0,99.0,0.6334989,person
6,334,524.0,75.0,543.0,146.0,0.8823715,person
6,335,524.0,82.0,556.0,159.0,0.913567,person
6,335,521.0,77.0,538.0,126.0,0.58342224,person
6,336,527.0,84.0,542.0,143.0,0.93535274,person
6,337,525.0,82.0,540.0,130.0,0.86523867,person
6,337,530.0,89.0,549.0,141.0,0.8002543,person
6,339,531.0,83.0,564.0,148.0,0.9699564,person
6,339,541.0,81.0,566.0,104.0,0.5097765,person
6,340,534.0,86.0,553.0,143.0,0.90557176,person
6,340,540.0,81.0,560.0,110.0,0.6757259,person
6,342,532.0,92.0,546.0,130.0,0.5872602,person
6,345,542.0,75.0,564.0,96.0,0.5141355,person
6,346,526.0,75.0,573.0,153.0,0.7978868,person
6,347,525.0,82.0,544.0,108.0,0.53019834,person
6,353,542.0,76.0,566.0,98.0,0.5701659,person
6,353,527.0,83.0,545.0,109.0,0.5252325,person
6,354,528.0,87.0,545.0,112.0,0.5553717,person
6,357,528.0,79.0,572.0,156.0,0.83639413,person
6,357,526.0,84.0,539.0,111.0,0.55847394,person
6,358,542.0,76.0,567.0,97.0,0.73803943,person
6,359,530.0,76.0,576.0,155.0,0.5248716,person
6,360,533.0,83.0,553.0,143.0,0.8262205,person
6,361,534.0,84.0,570.0,163.0,0.7666373,person
6,361,542.0,78.0,566.0,101.0,0.7001729,person
6,361,533.0,90.0,549.0,142.0,0.5637638,person
6,362,543.0,75.0,565.0,97.0,0.73971486,person
6,362,531.0,87.0,568.0,159.0,0.5927999,person
6,363,531.0,90.0,568.0,161.0,0.9293044,person
6,363,528.0,85.0,543.0,113.0,0.7264227,person
6,363,543.0,79.0,570.0,102.0,0.56186897,person
6,365,558.0,75.0,581.0,94.0,0.8420001,person
6,365,536.0,85.0,570.0,163.0,0.8115757,person
6,365,541.0,79.0,569.0,103.0,0.5648077,person
6,366,529.0,78.0,575.0,157.0,0.853845,person
6,366,541.0,80.0,570.0,101.0,0.5197346,person
6,367,528.0,73.0,581.0,158.0,0.8498335,person
6,367,556.0,77.0,575.0,92.0,0.8166729,person
6,368,527.0,76.0,588.0,157.0,0.96615624,person
6,369,531.0,78.0,576.0,156.0,0.977786,person
6,370,530.0,79.0,569.0,158.0,0.8257626,person
6,371,538.0,87.0,561.0,154.0,0.9457239,person
6,371,526.0,82.0,540.0,134.0,0.8708812,person
6,372,536.0,95.0,556.0,155.0,0.9764134,person
6,372,528.0,90.0,545.0,145.0,0.76654524,person
6,372,541.0,78.0,566.0,98.0,0.6607119,person
6,373,531.0,84.0,569.0,159.0,0.9740074,person
6,373,541.0,73.0,563.0,92.0,0.679416,person
6,374,534.0,90.0,568.0,166.0,0.99028087,person
6,374,542.0,78.0,565.0,96.0,0.5865934,person
6,374,499.0,102.0,531.0,155.0,0.5213306,person
6,375,533.0,91.0,570.0,160.0,0.992455,person
6,375,543.0,80.0,564.0,97.0,0.6595808,person
6,376,532.0,87.0,566.0,169.0,0.95405287,person
6,377,532.0,88.0,567.0,161.0,0.98331016,person
6,377,479.0,105.0,494.0,137.0,0.88477534,person
6,378,531.0,90.0,566.0,165.0,0.9745788,person
6,378,474.0,100.0,493.0,135.0,0.82711,person
6,378,459.0,104.0,476.0,143.0,0.7206515,person
6,379,527.0,91.0,565.0,163.0,0.9800229,person
6,380,529.0,90.0,563.0,162.0,0.9835707,person
6,380,454.0,114.0,468.0,147.0,0.8018814,person
6,380,527.0,91.0,541.0,144.0,0.79785097,person
6,380,526.0,83.0,538.0,110.0,0.537367,person
6,381,527.0,94.0,563.0,163.0,0.99248976,person
6,381,526.0,90.0,542.0,132.0,0.5258837,person
6,382,528.0,89.0,560.0,164.0,0.79368925,person
6,383,526.0,86.0,563.0,166.0,0.98180354,person
6,383,524.0,77.0,540.0,126.0,0.78012264,person
6,384,521.0,83.0,561.0,165.0,0.9744778,person
6,384,541.0,81.0,564.0,104.0,0.7296057,person
6,384,557.0,77.0,579.0,93.0,0.68298924,person
6,385,521.0,88.0,559.0,166.0,0.9852695,person
6,386,520.0,89.0,558.0,169.0,0.9782827,person
6,386,541.0,82.0,562.0,102.0,0.57653695,person
6,387,521.0,91.0,556.0,170.0,0.97000736,person
6,388,522.0,86.0,555.0,168.0,0.9721986,person
6,388,521.0,84.0,544.0,121.0,0.6399014,person
6,388,541.0,78.0,564.0,99.0,0.61123914,person
6,389,521.0,91.0,556.0,171.0,0.97944367,person
6,389,542.0,75.0,564.0,90.0,0.55098444,person
6,390,520.0,90.0,557.0,167.0,0.9498102,person
6,391,517.0,91.0,555.0,169.0,0.9758125,person
6,392,514.0,91.0,554.0,173.0,0.87379587,person
6,393,524.0,92.0,544.0,152.0,0.85124797,person
6,394,523.0,90.0,543.0,156.0,0.92134535,person
6,394,513.0,89.0,530.0,150.0,0.6250944,person
6,395,517.0,96.0,541.0,159.0,0.86970425,person
6,396,516.0,88.0,533.0,160.0,0.9121412,person
6,397,514.0,87.0,536.0,162.0,0.7370038,person
6,398,514.0,93.0,553.0,171.0,0.7708974,person
6,399,513.0,92.0,532.0,154.0,0.6084774,person
6,399,543.0,75.0,564.0,94.0,0.523373,person
6,400,514.0,89.0,530.0,156.0,0.632163,person
6,400,543.0,73.0,564.0,92.0,0.61637294,person
6,400,519.0,85.0,544.0,119.0,0.5816112,person
6,401,515.0,95.0,555.0,170.0,0.83047557,person
6,401,543.0,78.0,564.0,105.0,0.6873152,person
6,402,544.0,79.0,564.0,104.0,0.5049182,person
6,403,513.0,94.0,552.0,170.0,0.93782234,person
6,404,516.0,94.0,553.0,173.0,0.925285,person
6,404,535.0,82.0,555.0,134.0,0.6478487,person
6,405,516.0,87.0,552.0,175.0,0.9922185,person
6,406,516.0,87.0,557.0,176.0,0.9963433,person
6,406,527.0,87.0,554.0,127.0,0.8287688,person
6,407,516.0,81.0,551.0,176.0,0.9272317,person
6,408,511.0,92.0,553.0,175.0,0.9938387,person
6,408,504.0,92.0,524.0,123.0,0.6450914,person
6,409,511.0,91.0,557.0,177.0,0.9788342,person
6,409,499.0,92.0,516.0,130.0,0.5982573,person
6,410,511.0,96.0,552.0,177.0,0.9864095,person
6,410,502.0,94.0,520.0,147.0,0.84732807,person
6,410,524.0,89.0,546.0,125.0,0.5256064,person
6,411,511.0,96.0,553.0,178.0,0.992708,person
6,411,498.0,94.0,516.0,143.0,0.66007066,person
6,412,512.0,98.0,553.0,177.0,0.9603913,person
6,413,510.0,98.0,554.0,178.0,0.50945765,person
6,414,511.0,95.0,550.0,179.0,0.99014246,person
6,415,506.0,96.0,549.0,181.0,0.998635,person
6,416,509.0,95.0,549.0,180.0,0.9960324,person
6,417,508.0,93.0,552.0,181.0,0.99301344,person
6,418,510.0,98.0,545.0,179.0,0.8058512,person
6,418,508.0,92.0,535.0,123.0,0.5488728,person
6,419,507.0,96.0,552.0,183.0,0.99273586,person
6,420,504.0,93.0,549.0,185.0,0.9981505,person
6,421,504.0,98.0,552.0,184.0,0.99807405,person
6,422,506.0,96.0,553.0,182.0,0.9956346,person
6,423,510.0,94.0,550.0,187.0,0.9974606,person
6,424,507.0,97.0,548.0,185.0,0.9980525,person
6,425,504.0,95.0,548.0,187.0,0.9984792,person
6,425,503.0,94.0,523.0,155.0,0.57456225,person
6,426,501.0,94.0,548.0,187.0,0.9972097,person
6,427,501.0,96.0,548.0,188.0,0.9976198,person
6,428,502.0,96.0,547.0,187.0,0.9981269,person
6,429,503.0,97.0,549.0,190.0,0.99561054,person
6,429,525.0,92.0,549.0,124.0,0.73846173,person
6,430,502.0,99.0,547.0,188.0,0.99830675,person
6,431,500.0,96.0,548.0,190.0,0.99866617,person
6,432,499.0,96.0,548.0,192.0,0.9982839,person
6,433,499.0,99.0,547.0,194.0,0.99903536,person
6,434,501.0,97.0,549.0,194.0,0.99281645,person
6,435,501.0,95.0,544.0,197.0,0.9987704,person
6,436,498.0,100.0,542.0,196.0,0.99795794,person
6,436,521.0,102.0,546.0,129.0,0.5556178,person
6,437,497.0,95.0,543.0,197.0,0.9980015,person
6,437,522.0,103.0,545.0,127.0,0.63198596,person
6,438,491.0,98.0,542.0,196.0,0.99937147,person
6,438,528.0,100.0,547.0,121.0,0.6328956,person
6,439,492.0,101.0,545.0,199.0,0.9980275,person
6,440,497.0,96.0,545.0,200.0,0.9991875,person
6,440,517.0,101.0,544.0,136.0,0.6353721,person
6,441,495.0,98.0,545.0,200.0,0.9987338,person
6,442,493.0,101.0,542.0,202.0,0.999137,person
6,443,491.0,96.0,541.0,202.0,0.99905425,person
6,443,528.0,102.0,550.0,124.0,0.6164845,person
6,444,490.0,97.0,543.0,203.0,0.996798,person
6,445,488.0,99.0,539.0,205.0,0.99856997,person
6,445,480.0,69.0,492.0,98.0,0.64657867,person
6,445,529.0,101.0,548.0,118.0,0.6111761,person
6,446,493.0,97.0,539.0,204.0,0.9987404,person
6,446,529.0,101.0,552.0,122.0,0.71575505,person
6,447,491.0,99.0,541.0,206.0,0.99871373,person
6,448,491.0,101.0,541.0,207.0,0.9986266,person
6,448,490.0,103.0,508.0,165.0,0.542202,person
6,449,490.0,98.0,542.0,207.0,0.9982262,person
6,449,489.0,101.0,508.0,166.0,0.5304046,person
6,450,488.0,102.0,541.0,210.0,0.99869734,person
6,450,472.0,71.0,486.0,95.0,0.8596192,person
6,450,538.0,77.0,556.0,97.0,0.8501671,person
6,450,528.0,102.0,548.0,122.0,0.5650033,person
6,451,490.0,100.0,541.0,209.0,0.9991573,person
6,451,471.0,73.0,485.0,95.0,0.85563475,person
6,451,527.0,102.0,544.0,120.0,0.57037103,person
6,452,488.0,100.0,540.0,211.0,0.99889815,person
6,453,486.0,102.0,539.0,213.0,0.9981871,person
6,454,482.0,101.0,536.0,216.0,0.99804986,person
6,455,482.0,96.0,536.0,217.0,0.99871886,person
6,456,480.0,102.0,533.0,218.0,0.9983462,person
6,457,479.0,98.0,535.0,217.0,0.9978225,person
6,458,479.0,95.0,535.0,219.0,0.99877244,person
6,459,481.0,103.0,533.0,222.0,0.9983607,person
6,460,475.0,100.0,532.0,221.0,0.9988682,person
6,460,476.0,106.0,494.0,183.0,0.5135503,person
6,461,471.0,99.0,532.0,224.0,0.9992275,person
6,462,470.0,104.0,532.0,228.0,0.9987828,person
6,463,470.0,98.0,533.0,223.0,0.99932575,person
6,464,474.0,100.0,531.0,229.0,0.9989906,person
6,465,474.0,103.0,530.0,232.0,0.99900204,person
6,466,470.0,99.0,531.0,231.0,0.99886847,person
6,467,466.0,103.0,532.0,236.0,0.9987264,person
6,468,465.0,105.0,527.0,245.0,0.99811447,person
6,469,463.0,100.0,526.0,236.0,0.9983144,person
6,470,466.0,107.0,526.0,239.0,0.9975847,person
6,471,461.0,108.0,521.0,242.0,0.9987809,person
6,472,452.0,105.0,516.0,242.0,0.9990464,person
6,473,448.0,105.0,518.0,244.0,0.9988844,person
6,474,447.0,106.0,515.0,248.0,0.9991386,person
6,475,450.0,105.0,512.0,249.0,0.99919087,person
6,476,447.0,108.0,510.0,253.0,0.99846625,person
6,477,440.0,108.0,509.0,255.0,0.9986871,person
6,478,436.0,108.0,508.0,255.0,0.9992974,person
6,479,435.0,111.0,508.0,258.0,0.99884135,person
6,480,436.0,106.0,508.0,262.0,0.99911696,person
6,481,438.0,108.0,507.0,264.0,0.99881244,person
6,482,438.0,111.0,500.0,271.0,0.9989773,person
6,483,430.0,108.0,500.0,267.0,0.9990403,person
6,484,425.0,108.0,498.0,270.0,0.9990079,person
6,485,422.0,116.0,497.0,278.0,0.9991559,person
6,486,425.0,109.0,500.0,280.0,0.9980731,person
6,487,427.0,115.0,500.0,276.0,0.99883276,person
6,488,427.0,113.0,499.0,284.0,0.9948088,person
6,489,418.0,113.0,496.0,287.0,0.9992539,person
6,490,414.0,111.0,491.0,288.0,0.99905723,person
6,491,411.0,115.0,490.0,305.0,0.99899644,person
6,492,412.0,110.0,492.0,295.0,0.9995977,person
6,493,412.0,109.0,491.0,297.0,0.99864656,person
6,494,408.0,111.0,486.0,301.0,0.9992323,person
6,495,401.0,113.0,484.0,300.0,0.99947435,person
6,496,396.0,111.0,485.0,306.0,0.999539,person
6,497,397.0,111.0,486.0,313.0,0.99936646,person
6,498,400.0,113.0,484.0,313.0,0.9995603,person
6,499,397.0,114.0,478.0,319.0,0.99916387,person
6,500,389.0,120.0,474.0,327.0,0.99961686,person
6,501,373.0,113.0,475.0,328.0,0.9994066,person
6,502,367.0,125.0,466.0,339.0,0.99879694,person
6,503,363.0,119.0,463.0,339.0,0.99940574,person
6,504,364.0,121.0,457.0,340.0,0.9993192,person
6,505,362.0,130.0,453.0,351.0,0.99932945,person
6,506,352.0,123.0,454.0,357.0,0.99967515,person
6,507,343.0,124.0,457.0,362.0,0.99956363,person
6,508,342.0,130.0,450.0,374.0,0.99908984,person
6,509,344.0,128.0,449.0,373.0,0.9992055,person
6,510,343.0,131.0,447.0,382.0,0.9992366,person
6,511,339.0,135.0,444.0,391.0,0.99912804,person
6,512,330.0,127.0,445.0,396.0,0.9859535,person
6,513,315.0,129.0,437.0,395.0,0.99006885,person
6,514,306.0,137.0,438.0,417.0,0.9990722,person
6,515,312.0,130.0,436.0,414.0,0.9982169,person
6,516,307.0,136.0,428.0,424.0,0.99893135,person
6,517,301.0,140.0,411.0,449.0,0.9986822,person
6,518,280.0,133.0,410.0,441.0,0.9991086,person
6,519,262.0,141.0,403.0,461.0,0.9990746,person
6,520,249.0,149.0,393.0,466.0,0.9993426,person
6,521,246.0,136.0,377.0,478.0,0.9992655,person
6,522,236.0,155.0,367.0,474.0,0.9994086,person
6,523,221.0,146.0,351.0,479.0,0.9991248,person
6,524,195.0,153.0,347.0,479.0,0.9992675,person
6,525,179.0,167.0,347.0,479.0,0.9993698,person
6,526,173.0,158.0,342.0,479.0,0.9986972,person
6,527,173.0,158.0,325.0,479.0,0.99716324,person
6,528,165.0,167.0,316.0,479.0,0.97361635,person
6,532,103.0,182.0,299.0,479.0,0.9668423,person
6,533,111.0,174.0,282.0,479.0,0.9836893,person
6,534,90.0,209.0,273.0,479.0,0.98789894,person
6,535,68.0,210.0,279.0,479.0,0.9957866,person
6,538,30.0,205.0,274.0,479.0,0.98570423,person
6,539,35.0,225.0,261.0,479.0,0.9876857,person
6,541,0.0,240.0,240.0,479.0,0.98848455,person
6,542,2.0,267.0,235.0,479.0,0.9983057,person
