2,00109,553,219,717,478,0.543529,person
2,00110,532,302,715,479,0.9632382,person
2,00111,515,271,704,472,0.8872629,person
2,00112,492,285,691,476,0.96978724,person
2,00113,511,254,681,473,0.98637056,person
2,00114,490,241,673,479,0.9960873,person
2,00115,475,241,645,477,0.9949344,person
2,00116,478,214,632,474,0.99491453,person
2,00117,460,227,628,475,0.99358,person
2,00118,469,207,622,474,0.99627423,person
2,00119,474,200,597,480,0.9949936,person
2,00120,458,202,602,480,0.98557854,person
2,00121,437,186,585,466,0.99720335,person
2,00122,430,191,555,473,0.9956792,person
2,00123,416,192,552,473,0.99590117,person
2,00124,399,177,526,467,0.9971668,person
2,00125,391,175,524,465,0.9979652,person
2,00126,373,174,500,456,0.9972395,person
2,00127,357,164,478,444,0.99529606,person
2,00128,353,172,475,443,0.99358577,person
2,00129,352,166,456,421,0.9963509,person
2,00130,343,159,460,414,0.95938814,person
2,00131,330,157,440,406,0.9828752,person
2,00132,326,159,435,394,0.99757165,person
2,00133,325,166,431,390,0.9859292,person
2,00134,321,150,413,379,0.9948073,person
2,00135,303,145,408,373,0.9859158,person
2,00136,292,153,392,364,0.9841294,person
2,00137,290,151,389,356,0.9981521,person
2,00138,289,151,385,358,0.99682957,person
2,00139,288,144,366,352,0.9926884,person
2,00140,268,154,378,349,0.9575796,person
2,00141,271,153,375,343,0.9386725,person
2,00142,280,155,359,335,0.9808513,person
2,00143,289,167,360,339,0.69650257,person
2,00144,283,159,360,341,0.59043014,person
2,00145,263,150,359,336,0.95879084,person
2,00146,277,149,347,318,0.9408565,person
2,00147,258,149,351,316,0.83686477,person
2,00148,279,150,341,323,0.85273916,person
2,00149,272,156,352,332,0.8541459,person
2,00151,255,171,350,335,0.69799066,person
2,00155,275,162,344,327,0.50465184,cat
2,00157,301,145,363,329,0.77963936,person
2,00158,307,150,388,311,0.990867,person
2,00159,324,141,386,307,0.8032213,person
2,00160,328,137,396,297,0.9926065,person
2,00161,321,125,392,286,0.512793,person
2,00162,334,130,393,279,0.9640198,person
2,00163,336,142,391,279,0.9296031,person
2,00165,317,126,383,261,0.9362555,person
2,00166,314,127,379,259,0.9210218,person
2,00167,321,125,374,256,0.97762203,person
2,00168,322,133,374,250,0.89791465,person
2,00170,328,135,375,245,0.8241113,person
2,00171,327,117,372,245,0.8725677,person
2,00174,327,128,372,232,0.85159653,dog
2,00177,320,123,362,214,0.6718785,person
2,00188,304,120,336,204,0.8076924,person
2,00191,296,121,331,201,0.59337425,person
2,00300,290,115,325,204,0.60820603,person
2,00311,290,118,327,216,0.90820134,person
2,00314,288,124,329,224,0.8405423,person
2,00316,291,124,330,227,0.53562295,person
2,00319,292,123,335,234,0.94930214,person
2,00320,292,124,339,236,0.5858619,person
2,00322,295,125,339,244,0.94840264,person
2,00323,293,123,338,250,0.9420966,person
2,00324,293,130,343,249,0.9584743,person
2,00325,293,127,344,251,0.98826575,person
2,00326,294,129,344,252,0.9677586,person
2,00327,293,131,345,258,0.94926333,person
2,00328,293,129,344,259,0.951505,person
2,00329,297,133,351,257,0.8704035,person
2,00331,298,131,354,260,0.9646203,person
2,00332,299,133,351,270,0.9294421,person
2,00333,299,127,352,266,0.7435952,person
2,00334,302,135,362,271,0.99112964,person
2,00335,305,133,364,273,0.982682,person
2,00336,308,132,361,281,0.8683879,person
2,00337,310,131,363,286,0.8871629,person
2,00338,308,132,365,281,0.97235805,person
2,00339,311,134,376,293,0.9765231,person
2,00340,315,132,374,293,0.9416483,person
2,00341,310,133,369,297,0.9680269,person
2,00342,308,137,367,301,0.99055123,person
2,00343,308,138,367,311,0.9814447,person
2,00344,306,142,379,310,0.98628753,person
2,00345,310,141,377,313,0.9731179,person
2,00346,309,144,373,326,0.9597226,person
2,00347,308,146,370,320,0.98619264,person
2,00348,303,143,368,330,0.9902574,person
2,00349,302,150,376,325,0.9915426,person
2,00350,304,153,371,325,0.98776126,person
2,00351,301,163,369,336,0.9452108,person
2,00352,299,202,363,330,0.5978864,sheep
2,00353,303,225,362,320,0.63308054,horse
2,00356,303,175,369,337,0.54065573,cat
2,00357,307,165,369,334,0.8356022,person
2,00358,306,154,369,332,0.97712475,person
2,00359,291,153,374,332,0.9806459,person
2,00360,277,152,385,332,0.9708495,person
2,00361,290,149,387,335,0.99239653,person
2,00362,299,149,386,334,0.9801894,person
2,00363,315,146,384,338,0.99514645,person
2,00364,310,144,384,341,0.9748336,person
2,00365,313,153,391,340,0.99575585,person
2,00366,318,162,396,351,0.9963567,person
2,00367,329,150,403,355,0.9911289,person
2,00368,327,149,406,366,0.86079526,person
2,00369,330,159,408,371,0.99715734,person
2,00370,327,150,422,372,0.9980234,person
2,00371,334,156,425,392,0.9979144,person
2,00372,339,160,431,392,0.99907625,person
2,00373,344,169,436,413,0.9980118,person
2,00374,338,169,437,417,0.999064,person
2,00375,342,173,459,434,0.99906796,person
2,00376,361,178,464,444,0.99837035,person
2,00377,371,176,475,452,0.99818355,person
2,00378,375,190,482,472,0.9977356,person
2,00379,377,177,500,472,0.99918765,person
2,00380,390,195,520,476,0.99843293,person
2,00381,421,196,539,476,0.9956418,person
2,00382,425,204,558,473,0.99763775,person
2,00383,436,212,568,475,0.99023646,person
2,00384,442,206,593,480,0.99073786,person
2,00385,466,232,609,480,0.9912272,person
2,00386,481,223,640,477,0.9956806,person
2,00387,498,257,659,480,0.9905111,person
2,00388,512,251,676,475,0.9894992,person
2,00389,525,273,709,471,0.8005326,person
3,00106,559,358,713,474,0.6358964,person
3,00108,550,310,709,474,0.95743173,person
3,00109,540,302,712,472,0.982313,person
3,00110,509,269,696,478,0.88547486,person
3,00111,487,265,689,480,0.9900727,person
3,00112,508,263,683,476,0.9837557,person
3,00113,496,237,674,478,0.9964868,person
3,00114,469,238,662,480,0.99658537,person
3,00115,475,215,635,475,0.99478793,person
3,00116,465,213,626,471,0.99752206,person
3,00117,466,213,626,476,0.99582076,person
3,00118,471,189,605,474,0.9959234,person
3,00119,459,204,606,471,0.996792,person
3,00120,438,190,598,477,0.9984131,person
3,00121,432,177,566,472,0.9973694,person
3,00122,415,190,558,473,0.9963684,person
3,00123,399,175,530,476,0.99762064,person
3,00124,392,179,534,465,0.9962494,person
3,00125,378,176,490,461,0.9948554,person
3,00126,358,159,483,451,0.99753237,person
3,00127,353,163,479,447,0.9964373,person
3,00128,352,164,456,428,0.9945523,person
3,00129,344,156,466,411,0.9958158,person
3,00129,421,289,474,399,0.51531035,handbag
3,00130,332,163,445,413,0.9946802,person
3,00131,326,145,436,394,0.9981547,person
3,00132,323,159,436,390,0.99637383,person
3,00133,320,148,417,382,0.99699914,person
3,00133,387,249,434,365,0.6350428,handbag
3,00134,304,148,414,374,0.97634524,person
3,00134,303,161,414,373,0.7212519,dog
3,00135,292,148,396,367,0.98768616,person
3,00136,288,144,387,365,0.997715,person
3,00136,358,253,402,337,0.6268243,handbag
3,00137,288,146,390,358,0.9982596,person
3,00138,287,143,367,351,0.9934196,person
3,00139,272,139,375,347,0.98287016,person
3,00140,270,147,366,339,0.9489457,person
3,00141,279,150,359,339,0.99319506,person
3,00142,286,168,362,340,0.8129539,person
3,00143,285,137,363,331,0.9906537,person
3,00144,264,142,361,328,0.99623567,person
3,00145,271,148,356,331,0.9891424,person
3,00146,259,152,350,324,0.9534227,person
3,00147,276,146,346,320,0.7902309,person
3,00148,273,157,336,328,0.7157735,person
3,00149,266,151,350,331,0.9288036,person
3,00151,258,197,359,336,0.9309549,person
3,00152,255,195,342,336,0.90439314,person
3,00153,264,175,347,329,0.67548823,person
3,00155,285,146,358,325,0.94820493,person
3,00156,300,139,361,322,0.97939026,person
3,00157,315,138,381,315,0.99256456,person
3,00158,320,137,382,308,0.99489564,person
3,00159,328,135,395,296,0.993153,person
3,00160,327,132,392,286,0.9806948,person
3,00161,333,128,397,283,0.99607325,person
3,00162,337,132,392,277,0.96205956,person
3,00163,330,122,383,273,0.99081403,person
3,00164,322,121,383,265,0.882941,person
3,00165,316,123,381,260,0.98339224,person
3,00166,319,121,380,260,0.9963505,person
3,00167,325,129,373,250,0.96074957,person
3,00168,325,116,372,249,0.98274696,person
3,00169,328,128,373,239,0.94548386,person
3,00170,323,117,374,239,0.97877824,person
3,00171,330,128,372,230,0.96177506,person
3,00172,330,115,372,230,0.97213745,person
3,00173,325,122,371,226,0.9789306,person
3,00174,328,110,366,226,0.9337697,person
3,00175,327,119,362,227,0.94466263,person
3,00176,319,117,364,224,0.9647107,person
3,00177,306,125,359,219,0.97260827,person
3,00178,313,110,351,219,0.80548227,person
3,00179,313,117,347,219,0.93382376,person
3,00181,307,124,347,217,0.9361911,person
3,00183,309,129,347,213,0.5443896,person
3,00187,305,124,336,204,0.5768268,person
3,00190,293,110,331,199,0.9371853,person
3,00192,291,113,322,197,0.69533783,person
3,00193,284,115,322,200,0.90170187,person
3,00195,284,111,316,195,0.8720514,person
3,00196,283,113,316,197,0.7693886,person
3,00197,284,110,313,195,0.68642855,person
3,00198,280,111,316,204,0.6501754,person
3,00202,279,111,306,187,0.7200117,person
3,00204,279,110,306,188,0.6109715,person
3,00205,279,107,305,186,0.5657125,person
3,00208,272,108,302,185,0.6940907,person
3,00209,273,110,298,181,0.67742085,person
3,00213,266,105,289,183,0.6638038,person
3,00214,264,105,288,173,0.78752476,person
3,00217,261,108,284,178,0.6787338,person
3,00221,257,101,283,173,0.72350633,person
3,00233,249,103,272,169,0.63575083,person
3,00235,249,102,272,168,0.54465276,person
3,00236,247,100,271,167,0.74532086,person
3,00237,242,101,266,166,0.58166593,person
3,00264,270,99,296,167,0.56433994,person
3,00293,287,110,320,190,0.63656205,person
3,00294,288,115,323,199,0.80372125,person
3,00296,286,116,320,197,0.84650886,person
3,00299,289,118,325,200,0.959822,person
3,00301,290,117,321,201,0.73940206,person
3,00302,289,118,319,204,0.6927785,person
3,00303,286,117,325,209,0.7551723,person
3,00304,290,121,327,209,0.63563013,person
3,00307,289,116,325,210,0.5908815,person
3,00308,285,120,326,217,0.9679735,person
3,00309,289,121,326,214,0.9061979,person
3,00311,290,122,325,223,0.8446518,person
3,00313,286,122,327,222,0.95173603,person
3,00314,288,124,331,226,0.8986515,person
3,00315,290,119,329,229,0.81035715,person
3,00316,290,123,332,228,0.93374693,person
3,00318,292,121,334,233,0.9832683,person
3,00319,294,121,337,234,0.9606406,person
3,00320,296,119,341,234,0.9861609,person
3,00321,295,124,339,247,0.9710978,person
3,00322,292,124,338,246,0.95787704,person
3,00323,294,126,341,242,0.9939533,person
3,00324,295,129,344,248,0.9922422,person
3,00325,295,126,344,253,0.98800874,person
3,00326,296,128,344,258,0.9701084,person
3,00327,295,125,343,258,0.98722976,person
3,00328,296,128,350,253,0.990285,person
3,00329,300,131,352,261,0.98740447,person
3,00330,300,131,352,260,0.9913216,person
3,00331,295,132,351,278,0.9857244,person
3,00332,300,128,350,264,0.9835383,person
3,00333,302,134,360,264,0.99262977,person
3,00334,304,131,366,274,0.99508756,person
3,00335,309,128,362,283,0.93911207,person
3,00336,312,130,363,285,0.9884211,person
3,00337,309,130,363,283,0.98779184,person
3,00338,309,132,377,292,0.9943011,person
3,00339,313,133,375,290,0.9854106,person
3,00340,311,132,368,294,0.97357947,person
3,00341,306,139,366,299,0.99297875,person
3,00342,309,135,365,305,0.99217963,person
3,00343,308,137,376,308,0.99202543,person
3,00344,311,142,376,315,0.9884291,person
3,00345,310,138,372,319,0.9756355,person
3,00346,309,143,370,327,0.990418,person
3,00347,304,141,369,335,0.9799793,person
3,00348,300,147,381,331,0.99123645,person
3,00349,306,149,373,334,0.99074125,person
3,00350,303,164,368,330,0.945089,person
3,00351,296,201,363,333,0.55417293,sheep
3,00352,301,221,361,317,0.62943465,elephant
3,00355,299,175,367,334,0.86302274,cat
3,00356,305,154,370,331,0.5249355,person
3,00356,304,168,369,329,0.5153293,dog
3,00357,306,149,370,334,0.992822,person
3,00358,295,145,373,332,0.99612695,person
3,00359,281,140,385,330,0.9923264,person
3,00360,290,147,390,329,0.9923247,person
3,00361,292,142,387,330,0.9950477,person
3,00362,313,139,384,337,0.996203,person
3,00363,313,143,383,341,0.96292245,person
3,00364,311,147,388,339,0.99439114,person
3,00365,315,148,398,349,0.99779546,person
3,00366,327,149,402,355,0.9963644,person
3,00367,324,148,407,359,0.996822,person
3,00368,328,156,409,372,0.99828583,person
3,00369,326,147,418,371,0.9987532,person
3,00370,332,160,425,391,0.9978168,person
3,00371,337,155,429,392,0.9988432,person
3,00372,342,167,436,410,0.99871445,person
3,00373,336,170,435,416,0.9950897,person
3,00374,341,172,459,430,0.99790394,person
3,00375,359,181,465,443,0.99883896,person
3,00376,369,172,474,448,0.99839896,person
3,00377,375,189,481,476,0.9971396,person
3,00378,379,178,497,472,0.9975351,person
3,00379,388,196,521,474,0.999017,person
3,00380,405,195,535,473,0.99829906,person
3,00381,423,199,558,472,0.9982728,person
3,00382,433,212,567,479,0.9960097,person
3,00383,443,201,587,480,0.9960167,person
3,00384,461,235,605,477,0.99130553,person
3,00385,478,219,631,478,0.99545574,person
3,00386,497,254,661,479,0.99301505,person
3,00387,509,251,674,480,0.9903666,person
3,00388,522,274,703,473,0.8197893,person
3,00389,559,304,714,477,0.62440616,person
4,00106,576,352,707,478,0.81890804,person
4,00108,550,323,700,476,0.95396334,person
4,00109,540,298,707,478,0.9845697,person
4,00110,515,272,694,474,0.9763422,person
4,00111,500,280,694,473,0.9694466,person
4,00112,503,263,688,471,0.9941307,person
4,00113,500,229,670,476,0.9925275,person
4,00114,473,239,681,479,0.99560565,person
4,00115,478,221,647,476,0.995741,person
4,00116,468,204,636,473,0.99699104,person
4,00117,467,214,629,479,0.9968767,person
4,00118,471,188,623,479,0.9938678,person
4,00119,464,193,609,478,0.9902159,person
4,00120,446,190,595,480,0.99786574,person
4,00121,431,173,576,479,0.99631613,person
4,00122,413,185,564,474,0.9975115,person
4,00123,400,175,550,473,0.99412847,person
4,00124,392,174,533,470,0.9952983,person
4,00124,484,310,540,441,0.6105382,handbag
4,00125,379,175,506,465,0.9936313,person
4,00126,355,158,487,452,0.99725586,person
4,00127,350,172,476,449,0.9973124,person
4,00128,352,159,456,440,0.99006826,person
4,00128,415,280,482,423,0.6813302,handbag
4,00129,343,160,467,418,0.99718285,person
4,00130,332,158,451,410,0.9956454,person
4,00130,415,274,465,399,0.6092463,handbag
4,00131,324,148,434,397,0.9982888,person
4,00131,405,263,460,378,0.6953445,handbag
4,00132,321,163,433,393,0.99895203,person
4,00132,400,283,450,378,0.7320353,handbag
4,00133,322,145,417,388,0.96228206,person
4,00133,389,248,438,365,0.894955,handbag
4,00134,307,146,413,375,0.99725205,person
4,00134,383,268,427,355,0.5193066,handbag
4,00135,292,145,397,372,0.96974933,person
4,00136,287,143,390,366,0.9985898,person
4,00136,358,249,408,336,0.61044896,handbag
4,00137,284,144,389,358,0.99826896,person
4,00138,286,144,372,350,0.99289554,person
4,00139,278,145,374,348,0.99521977,person
4,00140,267,147,364,340,0.8570027,person
4,00140,315,167,395,338,0.72199875,person
4,00141,278,152,366,339,0.9881958,person
4,00142,286,149,360,340,0.98803806,person
4,00143,289,139,362,320,0.9869233,person
4,00144,266,142,362,339,0.9939838,person
4,00145,276,148,358,324,0.98359585,person
4,00146,261,148,357,312,0.9488721,person
4,00147,279,144,349,321,0.8737163,person
4,00148,275,149,343,329,0.94971603,person
4,00149,268,152,361,334,0.9722444,person
4,00150,256,169,354,333,0.8738177,person
4,00151,256,200,354,333,0.89883435,person
4,00152,253,197,343,331,0.54336643,person
4,00153,258,180,357,333,0.8859133,person
4,00154,272,155,356,329,0.81596625,person
4,00155,276,138,357,331,0.7698128,person
4,00156,298,142,361,316,0.9929299,person
4,00157,313,135,371,312,0.9900816,person
4,00158,311,131,382,311,0.99591714,person
4,00159,327,137,393,296,0.9941551,person
4,00160,328,127,391,291,0.9924185,person
4,00161,331,128,394,285,0.996236,person
4,00162,335,128,391,282,0.9895076,person
4,00163,326,119,385,270,0.99205583,person
4,00164,321,129,381,270,0.98071426,person
4,00165,315,120,380,262,0.99299425,person
4,00166,318,121,380,258,0.9858094,person
4,00167,319,119,374,255,0.9870012,person
4,00168,324,119,373,251,0.98869634,person
4,00169,327,120,373,242,0.9670436,person
4,00170,322,118,376,242,0.99384815,person
4,00171,325,120,375,236,0.9846532,person
4,00172,329,117,374,234,0.98580253,person
4,00173,327,119,372,228,0.9865285,person
4,00174,329,115,368,227,0.9814084,person
4,00175,327,121,363,223,0.9510324,person
4,00176,320,116,366,224,0.9889042,person
4,00177,306,118,359,221,0.9836589,person
4,00178,310,112,351,220,0.9318285,person
4,00179,313,119,349,220,0.9462134,person
4,00180,306,116,348,215,0.9713694,person
4,00181,304,121,347,214,0.9718421,person
4,00182,300,123,344,212,0.5422744,dog
4,00183,303,118,346,213,0.9763098,person
4,00184,306,120,348,214,0.9625067,person
4,00185,304,115,348,215,0.97359586,person
4,00186,301,118,342,209,0.952698,person
4,00187,301,116,338,204,0.85033214,person
4,00188,299,116,338,203,0.8598809,person
4,00189,303,114,332,202,0.6374731,person
4,00190,296,113,332,201,0.9631155,person
4,00191,290,116,329,203,0.94902545,person
4,00192,285,113,324,200,0.9742055,person
4,00193,283,114,323,200,0.97091967,person
4,00194,286,114,323,204,0.9137954,person
4,00195,286,112,316,194,0.9423639,person
4,00196,283,115,315,196,0.9428726,person
4,00197,283,111,314,194,0.9114512,person
4,00198,282,109,316,194,0.94414717,person
4,00199,283,110,315,195,0.883567,person
4,00200,284,105,312,191,0.9360888,person
4,00201,280,108,312,190,0.9570888,person
4,00202,278,108,309,192,0.955386,person
4,00203,275,105,311,187,0.9780788,person
4,00204,276,109,308,188,0.9495503,person
4,00205,278,105,306,183,0.93141425,person
4,00206,276,112,302,187,0.8645457,person
4,00207,272,113,300,182,0.9131443,person
4,00208,272,103,302,184,0.76606196,person
4,00209,272,114,298,179,0.747175,person
4,00210,271,105,299,181,0.94321394,person
4,00211,270,101,296,181,0.86173886,person
4,00212,267,106,296,184,0.70250887,person
4,00213,266,105,290,180,0.938402,person
4,00214,265,109,289,178,0.92945147,person
4,00215,265,105,289,177,0.9098738,person
4,00216,263,103,287,177,0.9458169,person
4,00216,268,104,294,180,0.51816,person
4,00217,261,107,286,181,0.9462922,person
4,00218,261,102,287,178,0.91639423,person
4,00219,261,109,287,178,0.91132134,person
4,00220,260,107,287,177,0.91966283,person
4,00221,260,105,282,175,0.8943913,person
4,00222,257,103,282,189,0.75246555,person
4,00223,254,104,283,178,0.8648058,person
4,00224,256,104,282,179,0.9206839,person
4,00225,256,104,282,177,0.93637717,person
4,00226,253,103,281,181,0.9374725,person
4,00227,252,102,279,175,0.854684,person
4,00228,252,99,278,176,0.72679853,person
4,00233,249,103,272,168,0.78964776,person
4,00234,249,103,269,168,0.7665523,person
4,00235,248,102,272,171,0.5344107,person
4,00236,244,102,270,167,0.954729,person
4,00237,240,103,267,167,0.71518993,person
4,00238,242,102,266,166,0.56786674,person
4,00239,241,100,263,166,0.6889772,person
4,00241,233,100,255,164,0.6923991,person
4,00242,228,102,250,165,0.73501354,person
4,00261,249,101,271,163,0.7231717,person
4,00263,263,103,288,166,0.7940944,person
4,00266,270,101,298,166,0.6473253,person
4,00268,274,103,304,166,0.50603116,person
4,00270,276,102,305,171,0.52435195,person
4,00271,279,114,305,173,0.5299629,person
4,00273,279,103,305,171,0.71893597,person
4,00276,284,103,310,177,0.78746146,person
4,00278,287,105,314,174,0.51673245,person
4,00280,292,104,318,179,0.63908875,person
4,00281,291,104,320,177,0.6026994,person
4,00284,293,107,325,184,0.89551365,person
4,00285,294,113,324,183,0.734534,person
4,00286,293,107,325,182,0.8825494,person
4,00288,295,108,325,185,0.77673244,person
4,00291,291,112,322,189,0.6458719,person
4,00292,289,115,323,191,0.819079,person
4,00293,288,108,318,191,0.7305105,person
4,00294,291,114,322,194,0.84074473,person
4,00295,288,110,321,192,0.8908994,person
4,00296,289,114,319,195,0.59843695,person
4,00297,288,117,318,200,0.9159869,person
4,00298,285,113,321,200,0.94579256,person
4,00299,287,117,323,204,0.90708554,person
4,00300,288,112,321,199,0.92940986,person
4,00301,288,116,322,201,0.9429926,person
4,00302,287,116,324,204,0.9602117,person
4,00303,286,117,323,208,0.9253461,person
4,00304,288,119,328,208,0.97285336,person
4,00305,288,117,327,208,0.8283198,person
4,00306,290,120,326,212,0.964012,person
4,00307,288,118,325,211,0.93435675,person
4,00308,285,119,328,214,0.9828414,person
4,00309,286,119,327,217,0.96441245,person
4,00310,289,115,327,220,0.87635285,person
4,00311,290,120,328,218,0.9089825,person
4,00312,287,119,325,218,0.93438345,person
4,00313,284,119,329,221,0.96241915,person
4,00314,287,124,329,223,0.97690046,person
4,00315,291,120,329,227,0.9550788,person
4,00316,291,121,332,227,0.9678935,person
4,00317,291,121,331,234,0.9739379,person
4,00318,292,121,334,232,0.9843843,person
4,00319,293,124,335,236,0.98542666,person
4,00320,298,119,343,239,0.9791271,person
4,00321,294,123,341,241,0.98817897,person
4,00322,294,121,338,242,0.9864422,person
4,00323,294,125,341,245,0.99395144,person
4,00324,293,128,345,247,0.9914008,person
4,00325,295,125,345,251,0.99016297,person
4,00326,295,130,345,254,0.98344654,person
4,00327,295,124,343,256,0.8634063,person
4,00328,296,127,350,254,0.99040973,person
4,00329,300,132,350,259,0.9863071,person
4,00330,301,126,352,262,0.9899638,person
4,00331,296,131,352,263,0.9867982,person
4,00332,299,126,349,264,0.9825879,person
4,00333,301,133,360,272,0.99411535,person
4,00334,304,130,365,273,0.9952878,person
4,00335,309,128,363,279,0.98288745,person
4,00336,310,128,364,281,0.9919687,person
4,00337,308,129,361,281,0.9001081,person
4,00338,308,130,375,290,0.9936652,person
4,00339,312,131,377,289,0.9952874,person
4,00340,313,129,368,295,0.987733,person
4,00341,309,137,367,300,0.9925633,person
4,00342,309,134,366,301,0.9929161,person
4,00343,306,133,378,320,0.99334055,person
4,00344,311,137,376,310,0.992879,person
4,00345,307,136,375,330,0.99133223,person
4,00346,307,140,371,326,0.99445564,person
4,00347,306,140,368,333,0.9943403,person
4,00348,302,141,377,335,0.99569845,person
4,00349,304,148,374,334,0.9837532,person
4,00350,301,159,369,337,0.99331266,person
4,00352,297,220,364,324,0.5782671,dog
4,00353,304,224,367,330,0.7141775,elephant
4,00356,303,161,370,329,0.88058245,person
4,00357,306,147,369,331,0.9882488,person
4,00358,299,142,373,332,0.99500024,person
4,00359,289,141,384,331,0.9965778,person
4,00360,285,138,389,330,0.9958495,person
4,00361,300,141,387,333,0.99518245,person
4,00362,311,141,384,337,0.99549943,person
4,00363,312,148,385,340,0.9954391,person
4,00364,308,141,389,341,0.9955974,person
4,00365,316,150,396,348,0.9956619,person
4,00366,324,148,401,356,0.9970674,person
4,00367,324,144,406,355,0.99834836,person
4,00368,332,156,410,370,0.9974253,person
4,00369,336,147,419,375,0.99661785,person
4,00370,332,161,427,388,0.99866545,person
4,00371,334,153,430,390,0.99856204,person
4,00372,343,165,435,399,0.9987067,person
4,00373,337,168,436,419,0.99917644,person
4,00374,341,167,452,425,0.9990823,person
4,00375,357,181,463,444,0.9986034,person
4,00376,367,171,472,451,0.99832255,person
4,00377,376,185,482,472,0.9978725,person
4,00378,378,180,494,468,0.99862945,person
4,00379,384,189,521,477,0.9981179,person
4,00380,403,194,534,474,0.9963153,person
4,00381,423,199,552,475,0.99696296,person
4,00382,434,215,565,472,0.99777323,person
4,00383,439,202,586,475,0.9975712,person
4,00384,453,225,603,478,0.99162734,person
5,00106,603,344,710,473,0.710678,person
5,00107,541,346,699,477,0.653173,person
5,00108,552,318,712,473,0.95079696,person
5,00109,544,296,718,474,0.98585665,person
5,00110,519,286,710,473,0.96364015,person
5,00111,506,271,697,471,0.986626,person
5,00112,497,259,695,471,0.9784944,person
5,00113,507,239,675,478,0.9923856,person
5,00114,476,240,685,480,0.9927087,person
5,00115,475,222,648,476,0.9888904,person
5,00116,469,206,634,477,0.99427575,person
5,00117,465,221,637,477,0.9976786,person
5,00118,469,193,627,477,0.9966775,person
5,00119,464,190,615,475,0.9926939,person
5,00120,447,190,587,470,0.9954666,person
5,00121,429,177,595,476,0.99863154,person
5,00122,416,182,571,472,0.9976019,person
5,00123,406,176,562,467,0.99551517,person
5,00124,393,170,524,475,0.9960295,person
5,00125,383,173,512,463,0.99243706,person
5,00126,359,158,484,452,0.9988758,person
5,00127,348,172,481,454,0.9981627,person
5,00127,430,320,497,422,0.585202,surfboard
5,00128,349,161,460,428,0.9961438,person
5,00129,343,153,469,415,0.9912588,person
5,00129,419,274,473,404,0.8278676,surfboard
5,00129,366,260,468,409,0.55448383,surfboard
5,00130,332,153,451,420,0.9889831,person
5,00131,323,149,439,401,0.9972594,person
5,00132,318,159,434,394,0.9987644,person
5,00133,322,154,419,386,0.9982779,person
5,00133,386,254,441,364,0.77514696,handbag
5,00134,307,143,415,377,0.9902446,person
5,00134,384,264,427,356,0.67758006,handbag
5,00135,292,121,413,375,0.93468624,person
5,00135,372,266,419,354,0.50517714,handbag
5,00136,286,140,392,362,0.99833626,person
5,00137,281,144,389,358,0.99759907,person
5,00138,288,139,375,350,0.9945537,person
5,00139,276,145,368,348,0.99635375,person
5,00140,264,147,376,342,0.9846368,person
5,00141,278,150,367,340,0.9938981,person
5,00142,283,150,360,340,0.99414766,person
5,00143,290,140,362,320,0.9304867,person
5,00144,271,139,366,335,0.9965669,person
5,00145,270,147,357,329,0.9969194,person
5,00146,262,144,362,329,0.98193043,person
5,00147,264,143,354,319,0.99177027,person
5,00148,276,146,344,327,0.9930622,person
5,00149,269,149,362,335,0.98566264,person
5,00150,259,161,357,332,0.9811225,person
5,00151,252,192,358,333,0.7285624,person
5,00152,254,204,354,332,0.90517265,person
5,00153,259,182,355,335,0.644846,person
5,00153,259,179,353,330,0.5581157,cat
5,00154,270,158,360,326,0.99285287,person
5,00155,278,141,356,325,0.96116334,person
5,00156,296,139,359,326,0.971782,person
5,00157,311,142,368,313,0.74113894,dog
5,00157,310,133,367,319,0.5672423,person
5,00158,306,129,384,324,0.9951631,person
5,00159,327,133,391,299,0.99104416,person
5,00160,329,125,394,291,0.9956441,person
5,00161,328,128,394,287,0.9947577,person
5,00162,334,123,392,288,0.9873378,person
5,00163,327,121,388,282,0.9932081,person
5,00164,324,127,378,271,0.9207793,person
5,00165,314,119,379,262,0.99393845,person
5,00166,317,120,379,257,0.9879488,person
5,00167,319,117,373,255,0.99067545,person
5,00168,322,123,374,253,0.9911642,person
5,00169,328,118,370,243,0.91883594,person
5,00170,323,120,377,242,0.99186826,person
5,00171,323,120,372,236,0.9871551,person
5,00172,328,116,375,238,0.9881847,person
5,00173,328,116,373,230,0.98990905,person
5,00174,324,116,370,227,0.98701185,person
5,00175,321,116,363,229,0.967272,person
5,00176,318,116,366,224,0.9882443,person
5,00177,304,117,363,220,0.9886408,person
5,00178,311,114,353,222,0.9818979,person
5,00179,308,119,350,223,0.9631581,person
5,00180,306,119,348,217,0.9864389,person
5,00181,302,118,349,216,0.9868624,person
5,00182,300,118,347,214,0.99034566,person
5,00183,301,117,347,213,0.9886983,person
5,00184,304,117,349,215,0.9784726,person
5,00185,306,115,345,212,0.98138875,person
5,00186,301,117,343,211,0.9788522,person
5,00187,300,114,339,211,0.969425,person
5,00188,300,114,337,205,0.9566803,person
5,00189,301,116,337,206,0.87337244,person
5,00190,298,110,332,202,0.9775588,person
5,00191,292,112,331,203,0.9717952,person
5,00192,285,111,325,203,0.971083,person
5,00193,283,112,322,202,0.96371907,person
5,00195,285,107,318,194,0.9689367,person
5,00196,282,112,316,195,0.96572566,person
5,00197,282,111,315,195,0.9740588,person
5,00198,281,109,316,197,0.9394773,person
5,00199,283,112,318,193,0.92565286,person
5,00200,283,109,314,190,0.96338606,person
5,00201,279,107,313,192,0.9704148,person
5,00202,278,108,309,189,0.95814025,person
5,00203,277,105,310,189,0.9799662,person
5,00204,276,109,308,185,0.97264254,person
5,00205,278,107,307,186,0.9617766,person
5,00206,275,108,306,185,0.95299417,person
5,00207,270,108,303,185,0.9524581,person
5,00208,271,105,302,184,0.97008544,person
5,00209,271,108,300,180,0.97317547,person
5,00210,273,109,299,182,0.869734,person
5,00211,268,103,298,183,0.95256776,person
5,00212,265,103,294,185,0.9193937,person
5,00213,264,104,291,181,0.9726238,person
5,00214,264,104,288,181,0.9548114,person
5,00215,264,108,293,181,0.9541239,person
5,00216,263,105,287,178,0.95808226,person
5,00217,260,106,285,183,0.9456152,person
5,00218,259,106,285,179,0.9350238,person
5,00219,258,106,289,179,0.9574477,person
5,00220,260,110,289,179,0.9445795,person
5,00221,256,101,283,177,0.95620763,person
5,00222,255,104,284,182,0.93523854,person
5,00223,255,104,282,178,0.9490801,person
5,00224,256,104,283,177,0.9462829,person
5,00225,256,104,283,188,0.9531007,person
5,00226,253,102,282,176,0.9522251,person
5,00227,254,104,280,182,0.96166503,person
5,00228,252,102,279,180,0.9422114,person
5,00229,252,103,279,177,0.9462442,person
5,00230,250,100,276,175,0.7765803,person
5,00231,249,102,274,174,0.9483126,person
5,00232,250,106,272,172,0.84152347,person
5,00233,249,101,271,167,0.72663695,person
5,00234,250,101,271,168,0.89258534,person
5,00235,250,103,270,166,0.8389806,person
5,00236,247,101,271,166,0.8618358,person
5,00237,239,102,267,168,0.91505265,person
5,00238,242,101,265,167,0.8473622,person
5,00239,238,100,265,169,0.94780266,person
5,00240,238,101,261,168,0.804167,person
5,00241,234,99,257,162,0.8136151,person
5,00242,225,103,252,164,0.87106043,person
5,00243,222,101,243,164,0.76225406,person
5,00256,186,102,207,159,0.58413357,person
5,00260,234,101,259,161,0.8475459,person
5,00261,246,101,272,161,0.74074256,person
5,00262,256,100,280,165,0.8806248,person
5,00263,262,102,286,167,0.8909663,person
5,00264,267,101,291,166,0.94087434,person
5,00265,271,102,297,169,0.5767272,person
5,00266,272,101,297,167,0.7889818,person
5,00269,277,107,305,171,0.8659852,person
5,00270,277,104,303,171,0.83981943,person
5,00271,277,107,305,175,0.9330535,person
5,00272,279,104,306,170,0.91321236,person
5,00273,279,108,309,181,0.93592846,person
5,00274,281,104,309,173,0.8259448,person
5,00275,281,106,309,177,0.94415504,person
5,00276,283,102,310,174,0.9094127,person
5,00277,284,106,314,174,0.88801146,person
5,00278,285,102,313,174,0.8380641,person
5,00279,287,107,317,175,0.9422986,person
5,00280,290,104,318,175,0.88933235,person
5,00281,288,103,319,180,0.88051075,person
5,00282,290,108,319,179,0.87663484,person
5,00283,292,103,318,180,0.880253,person
5,00284,291,107,323,182,0.9596203,person
5,00285,293,109,327,183,0.6873932,dog
5,00286,293,104,324,179,0.97775036,person
5,00287,292,109,324,183,0.5763024,dog
5,00287,293,110,321,185,0.55191654,person
5,00288,292,105,326,182,0.9710862,person
5,00289,293,109,323,189,0.90908843,person
5,00290,294,108,324,187,0.8754434,person
5,00291,293,106,324,190,0.8925594,person
5,00292,286,109,321,192,0.9616485,person
5,00293,289,108,319,189,0.947423,person
5,00294,288,114,321,191,0.94950104,person
5,00295,289,112,324,193,0.9706708,person
5,00296,286,111,319,193,0.95318884,person
5,00297,286,118,318,198,0.90207475,person
5,00299,288,114,325,203,0.9488899,person
5,00300,287,115,320,199,0.9365559,person
5,00301,286,114,323,203,0.9627166,person
5,00302,286,119,322,205,0.97597575,person
5,00303,286,115,323,207,0.925539,person
5,00304,287,118,328,210,0.9704678,person
5,00305,287,115,330,209,0.9861602,person
5,00306,289,118,326,212,0.9871328,person
5,00307,287,119,326,212,0.9814994,person
5,00308,284,117,327,215,0.98766196,person
5,00309,286,120,328,215,0.9849338,person
5,00310,287,115,328,221,0.9762309,person
5,00311,290,118,329,220,0.9882459,person
5,00312,286,119,326,218,0.9753964,person
5,00313,285,120,327,220,0.9756731,person
5,00314,286,123,329,224,0.9872644,person
5,00315,289,118,330,226,0.987186,person
5,00316,291,124,331,227,0.96966785,person
5,00317,291,119,331,234,0.9781332,person
5,00318,291,121,335,232,0.9889236,person
5,00319,292,121,335,235,0.9891122,person
5,00320,296,121,344,237,0.987988,person
5,00321,294,122,342,249,0.962523,person
5,00322,294,122,339,241,0.9903626,person
5,00323,293,122,340,245,0.99234575,person
5,00324,293,129,344,247,0.9931322,person
5,00325,295,123,347,249,0.99381846,person
5,00326,294,128,346,254,0.98682016,person
5,00327,295,126,343,254,0.9934023,person
5,00328,295,125,351,252,0.9920758,person
5,00329,298,131,350,258,0.9847991,person
5,00330,301,126,351,263,0.9858539,person
5,00331,297,132,351,261,0.984767,person
5,00332,298,128,349,266,0.9906893,person
5,00333,299,129,358,267,0.9941229,person
5,00334,301,131,364,273,0.99538285,person
5,00335,307,124,364,274,0.9937489,person
5,00336,310,130,365,284,0.9731179,person
5,00337,308,129,363,298,0.9890631,person
5,00338,307,128,372,288,0.9963242,person
5,00339,309,132,375,292,0.99631184,person
5,00340,312,128,370,294,0.99242955,person
5,00341,309,136,367,307,0.99342257,person
5,00342,309,133,365,305,0.99324,person
5,00343,305,133,376,328,0.99126476,person
5,00344,307,135,377,326,0.9934722,person
5,00345,307,132,375,334,0.99076194,person
5,00346,306,139,370,327,0.9917521,person
5,00347,304,136,368,332,0.99400085,person
5,00348,300,142,375,337,0.99688727,person
5,00349,301,146,376,341,0.9920448,person
5,00350,299,155,371,338,0.9960406,person
5,00351,297,182,367,330,0.5620751,dog
5,00355,301,190,367,343,0.58355033,dog
5,00355,295,191,371,341,0.5796291,cat
5,00356,299,166,372,333,0.7797211,person
5,00357,304,150,371,331,0.9857383,person
5,00358,298,143,374,333,0.99609286,person
5,00359,288,142,383,333,0.9931356,person
5,00360,293,139,389,332,0.99506783,person
5,00361,289,141,388,332,0.99591774,person
5,00362,307,144,386,338,0.9966725,person
5,00363,311,149,385,340,0.99565035,person
5,00364,312,139,387,342,0.9892225,person
5,00365,318,146,396,350,0.9894795,person
5,00366,320,149,400,353,0.9957157,person
5,00367,323,142,406,354,0.9975199,person
5,00368,329,156,410,371,0.9967816,person
5,00369,326,145,419,375,0.9980381,person
5,00370,344,159,427,381,0.99369216,person
5,00370,327,166,391,362,0.5306533,person
5,00371,334,154,427,395,0.9973303,person
5,00372,340,159,436,397,0.9988545,person
5,00373,336,168,436,419,0.99934,person
5,00374,337,160,452,421,0.9973103,person
5,00375,351,177,468,446,0.99891555,person
5,00376,364,165,472,449,0.9984883,person
5,00377,371,183,483,466,0.99772495,person
5,00378,374,179,492,470,0.9985464,person
5,00379,382,188,518,476,0.9985166,person
5,00380,399,199,534,472,0.997888,person
5,00381,416,192,550,475,0.9957306,person
5,00382,429,210,567,473,0.995194,person
5,00383,437,200,581,473,0.99764806,person
5,00384,452,218,606,480,0.9759864,person
5,00384,457,243,602,468,0.5177031,teddy bear
5,00385,470,214,624,475,0.9957968,person
5,00386,495,239,653,477,0.9870329,person
5,00387,503,256,668,477,0.99381906,person
5,00388,518,261,699,473,0.9731277,person
5,00389,547,300,719,477,0.99120706,person
5,00390,574,291,717,475,0.97369826,person
5,00391,607,332,719,480,0.86105764,person
6,00106,605,343,714,480,0.89090925,person
6,00107,537,348,706,474,0.90312344,person
6,00108,554,334,712,474,0.9576803,person
6,00109,544,302,720,480,0.93967855,person
6,00110,528,313,719,470,0.9370777,person
6,00111,507,260,693,472,0.99221706,person
6,00112,491,263,692,472,0.9884411,person
6,00113,502,235,673,473,0.9862242,person
6,00114,484,251,675,480,0.99382764,person
6,00115,470,225,653,478,0.9920589,person
6,00116,472,202,638,477,0.9959811,person
6,00117,462,217,639,473,0.9973724,person
6,00118,469,197,617,478,0.99594045,person
6,00119,466,192,621,477,0.99459064,person
6,00120,449,188,598,474,0.9948289,person
6,00121,435,173,577,478,0.9953223,person
6,00122,423,182,556,475,0.99628997,person
6,00123,404,176,565,474,0.992574,person
6,00124,393,166,532,471,0.99535805,person
6,00125,386,179,528,468,0.99430156,person
6,00126,363,159,489,450,0.9990491,person
6,00127,345,161,483,452,0.99607545,person
6,00127,434,302,499,422,0.69541216,surfboard
6,00128,349,161,464,445,0.9981889,person
6,00129,345,157,461,422,0.9850286,person
6,00130,334,161,454,412,0.99823356,person
6,00130,415,305,468,399,0.82579166,surfboard
6,00130,403,282,473,404,0.5358114,surfboard
6,00131,324,152,433,401,0.9988257,person
6,00132,320,149,443,397,0.99752647,person
6,00133,321,151,425,389,0.9988959,person
6,00134,310,139,417,379,0.9945786,person
6,00135,292,144,406,373,0.984365,person
6,00136,289,141,393,364,0.9991392,person
6,00136,364,263,410,342,0.6453276,surfboard
6,00137,280,139,387,359,0.9978356,person
6,00138,288,141,381,352,0.9978522,person
6,00139,278,139,370,348,0.9953892,person
6,00139,346,269,393,337,0.8609809,surfboard
6,00140,262,143,383,343,0.9975738,person
6,00141,274,148,381,343,0.9902962,person
6,00142,282,149,367,339,0.9907844,person
6,00143,290,142,370,338,0.9948179,person
6,00144,271,134,367,330,0.99494606,person
6,00145,264,141,358,318,0.9956232,person
6,00146,263,151,356,322,0.9920751,person
6,00147,261,144,360,321,0.9940983,person
6,00148,277,143,343,322,0.9927483,person
6,00149,269,147,342,329,0.99248135,person
6,00150,262,154,353,330,0.99249345,person
6,00151,253,182,336,328,0.96931344,person
6,00152,253,201,340,324,0.8329789,person
6,00153,259,183,349,328,0.9962289,person
6,00154,269,161,357,327,0.99501306,person
6,00155,279,149,355,322,0.96924543,person
6,00156,293,143,358,322,0.98149097,person
6,00157,307,129,366,317,0.9830136,person
6,00158,304,131,385,324,0.9950352,person
6,00159,325,133,388,297,0.9886206,person
6,00160,326,127,395,296,0.9946925,person
6,00161,322,128,393,291,0.9956304,person
6,00162,335,121,392,286,0.98965645,person
6,00163,327,125,389,279,0.9921117,person
6,00164,324,123,379,271,0.9904801,person
6,00165,315,120,379,264,0.99042094,person
6,00166,316,124,378,260,0.9915461,person
6,00166,299,305,364,338,0.638077,car
6,00167,319,118,374,254,0.9933043,person
6,00168,319,123,374,251,0.98756367,person
6,00169,326,119,370,247,0.97954136,person
6,00170,323,124,380,245,0.9902749,person
6,00171,325,116,372,239,0.99036413,person
6,00172,329,119,373,238,0.99161667,person
6,00173,320,117,374,229,0.9896937,person
6,00174,321,120,374,232,0.9862954,person
6,00175,324,114,363,227,0.96056175,person
6,00176,318,117,368,226,0.98805064,person
6,00177,307,117,364,221,0.994337,person
6,00178,306,117,357,222,0.99105936,person
6,00179,309,117,350,221,0.9839288,person
6,00180,306,119,349,218,0.9838791,person
6,00181,300,117,350,216,0.98914087,person
6,00182,302,118,346,213,0.9939428,person
6,00183,298,117,346,213,0.98743886,person
6,00184,303,120,347,214,0.9832791,person
6,00185,304,114,346,213,0.982137,person
6,00186,300,116,344,210,0.99070287,person
6,00187,298,117,341,210,0.9687867,person
6,00188,297,114,338,206,0.977478,person
6,00189,299,117,336,203,0.91303575,person
6,00190,297,110,332,205,0.97105217,person
6,00191,292,112,331,203,0.94979906,person
6,00192,287,112,325,203,0.96544313,person
6,00193,285,113,322,204,0.948719,person
6,00194,285,112,325,199,0.96991223,person
6,00195,285,112,320,197,0.9674567,person
6,00196,280,111,317,195,0.9570551,person
6,00197,281,111,314,198,0.96214217,person
6,00198,282,109,316,193,0.97466624,person
6,00199,281,110,318,194,0.96930265,person
6,00200,282,109,316,192,0.962079,person
6,00201,280,110,313,189,0.95914483,person
6,00202,278,109,310,188,0.95973974,person
6,00203,277,106,308,187,0.9763654,person
6,00203,298,302,367,338,0.53073925,boat
6,00204,276,110,308,187,0.9659366,person
6,00205,279,109,310,185,0.9665896,person
6,00206,276,108,306,187,0.9632082,person
6,00207,270,112,303,187,0.94223046,person
6,00208,270,106,303,183,0.9658843,person
6,00209,271,108,300,181,0.9460252,person
6,00210,271,109,300,182,0.95136636,person
6,00211,269,105,298,181,0.95064753,person
6,00212,265,108,293,182,0.9262905,person
6,00213,264,107,293,182,0.97324175,person
6,00214,263,103,291,184,0.972161,person
6,00215,264,109,293,182,0.95484966,person
6,00216,261,105,289,184,0.95662683,person
6,00217,261,106,287,182,0.9519983,person
6,00218,258,106,287,183,0.9582414,person
6,00219,257,105,290,179,0.9612267,person
6,00220,258,108,292,181,0.9628871,person
6,00221,257,104,285,182,0.96102405,person
6,00222,256,106,283,180,0.9473067,person
6,00223,254,104,283,178,0.95460016,person
6,00224,254,105,288,178,0.966529,person
6,00225,256,107,286,178,0.94550925,person
6,00226,255,105,281,176,0.96243155,person
6,00227,253,106,279,178,0.9381547,person
6,00228,252,103,279,177,0.93818986,person
6,00229,253,105,278,178,0.931731,person
6,00230,251,104,276,178,0.9188635,person
6,00231,250,101,276,175,0.94422287,person
6,00232,248,104,272,172,0.9601808,person
6,00233,249,102,272,169,0.85489154,person
6,00234,247,100,271,168,0.911909,person
6,00235,249,102,271,169,0.895088,person
6,00236,245,101,270,168,0.95417583,person
6,00237,242,105,269,169,0.9267985,person
6,00238,239,102,265,168,0.9029239,person
6,00239,237,101,265,170,0.94320935,person
6,00240,236,103,262,171,0.9330929,person
6,00241,232,100,256,164,0.9546893,person
6,00242,229,103,253,165,0.858558,person
6,00243,223,100,244,164,0.8193213,person
6,00244,216,101,239,162,0.94825596,person
6,00245,207,102,232,163,0.85442555,person
6,00257,186,104,216,163,0.77135485,person
6,00258,204,104,226,162,0.64205825,person
6,00259,209,103,244,163,0.80074954,person
6,00260,232,101,256,166,0.91708416,person
6,00261,243,105,268,164,0.9350334,person
6,00262,252,101,276,167,0.90193164,person
6,00263,259,102,284,169,0.9096562,person
6,00264,265,102,291,166,0.94452703,person
6,00265,271,106,299,168,0.8554975,person
6,00267,274,106,298,171,0.8782244,person
6,00267,279,108,305,172,0.6476678,person
6,00268,277,106,301,166,0.6802234,person
6,00269,276,111,302,174,0.89153266,person
6,00270,277,105,303,171,0.8871051,person
6,00271,278,108,306,172,0.90697175,person
6,00272,277,105,305,171,0.92013586,person
6,00273,279,105,307,176,0.9421856,person
6,00274,280,106,307,174,0.9387261,person
6,00275,280,107,309,174,0.9504106,person
6,00276,280,104,310,174,0.9528508,person
6,00277,284,107,313,174,0.7969277,person
6,00278,287,107,315,175,0.94983774,person
6,00279,287,106,316,176,0.95294607,person
6,00280,290,108,316,176,0.9370373,person
6,00281,290,104,319,176,0.95181465,person
6,00282,287,108,320,177,0.9643904,person
6,00283,288,106,318,181,0.9577753,person
6,00284,289,107,322,182,0.9604302,person
6,00285,291,107,324,181,0.96461505,person
6,00286,292,102,323,180,0.9710222,person
6,00287,293,108,324,184,0.9662584,person
6,00288,291,105,327,189,0.9644192,person
6,00289,292,106,326,186,0.9708561,person
6,00290,293,109,323,189,0.9752196,person
6,00291,292,106,323,188,0.9804011,person
6,00292,288,110,323,189,0.9611515,person
6,00293,289,109,319,186,0.95265985,person
6,00294,288,111,320,192,0.9628725,person
6,00295,288,111,323,198,0.9073501,person
6,00296,286,111,320,194,0.94541246,person
6,00297,286,115,319,204,0.81139183,person
6,00298,287,111,319,198,0.97046655,person
6,00299,287,115,326,199,0.97404826,person
6,00300,287,115,322,202,0.9707121,person
6,00301,287,113,322,203,0.94277847,person
6,00302,286,117,323,209,0.9672409,person
6,00303,286,115,321,205,0.90636957,person
6,00304,285,118,327,207,0.9901868,person
6,00305,287,117,328,211,0.98561656,person
6,00306,288,117,326,210,0.98464113,person
6,00307,287,119,326,214,0.9869982,person
6,00308,285,116,327,213,0.9905571,person
6,00309,284,120,327,216,0.9881913,person
6,00310,287,118,327,219,0.9887511,person
6,00311,289,119,328,218,0.98814267,person
6,00312,287,122,324,222,0.97853935,person
6,00313,285,119,327,221,0.98668486,person
6,00314,286,122,329,226,0.98484945,person
6,00315,288,120,329,227,0.9861994,person
6,00316,290,121,331,229,0.96993667,person
6,00317,288,120,332,232,0.98227936,person
6,00318,290,121,333,233,0.97989905,person
6,00319,291,122,334,236,0.98714453,person
6,00320,295,120,340,238,0.988588,person
6,00321,295,121,342,241,0.98998487,person
6,00322,294,125,339,243,0.98361117,person
6,00323,293,120,339,245,0.98787886,person
6,00324,294,128,343,248,0.9881478,person
6,00325,296,122,346,250,0.9894565,person
6,00326,295,126,345,252,0.98665434,person
6,00327,295,124,341,254,0.9904901,person
6,00328,294,125,347,253,0.9924333,person
6,00329,298,129,350,258,0.98851997,person
6,00330,300,126,352,260,0.9878757,person
6,00331,298,127,353,262,0.9816141,person
6,00332,298,130,350,267,0.98790866,person
6,00333,298,128,357,268,0.9892291,person
6,00334,303,133,361,270,0.98800665,person
6,00335,307,126,365,277,0.98975205,person
6,00336,310,128,362,283,0.97016,person
6,00337,306,128,363,298,0.99116725,person
6,00338,307,128,371,289,0.99612194,person
6,00339,309,133,379,299,0.99478525,person
6,00340,310,129,372,297,0.9930052,person
6,00341,306,134,368,302,0.992957,person
6,00342,305,131,367,307,0.9885888,person
6,00343,303,132,377,309,0.9952544,person
6,00344,307,140,380,311,0.9955277,person
6,00345,309,132,376,312,0.9911775,person
6,00346,304,139,371,322,0.97544515,person
6,00347,302,136,368,329,0.9913914,person
6,00348,297,135,373,339,0.9944043,person
6,00349,298,145,377,336,0.9939468,person
6,00350,298,153,372,337,0.9949773,person
6,00351,296,174,369,337,0.94762814,person
6,00352,299,216,366,326,0.8261188,person
6,00352,299,224,343,321,0.7979698,person
6,00353,300,232,364,318,0.72516453,person
6,00355,299,192,371,331,0.5522719,bird
6,00356,301,173,372,334,0.8606543,person
6,00357,301,151,371,332,0.9968413,person
6,00358,299,143,375,333,0.99672806,person
6,00359,280,140,379,332,0.9961611,person
6,00360,281,139,388,332,0.9961028,person
6,00361,298,139,388,330,0.9961392,person
6,00362,301,139,387,338,0.9980586,person
6,00363,312,143,385,343,0.9967566,person
6,00364,309,141,387,344,0.9716538,person
6,00365,309,148,396,343,0.99432856,person
6,00366,315,149,399,353,0.9964026,person
6,00367,322,141,409,356,0.9975706,person
6,00368,327,156,410,366,0.99723095,person
6,00369,321,148,415,374,0.9985353,person
6,00370,323,155,427,382,0.99823534,person
6,00371,329,154,424,397,0.9979437,person
6,00372,335,153,434,394,0.9985298,person
6,00373,336,168,437,422,0.9990785,person
6,00374,335,162,445,424,0.9989196,person
6,00375,347,173,468,445,0.9987569,person
6,00376,360,166,471,448,0.9989021,person
6,00377,370,182,481,454,0.9975635,person
6,00378,371,185,489,465,0.99837613,person
6,00379,379,181,514,473,0.9966169,person
6,00380,396,194,533,476,0.99702966,person
6,00381,412,191,550,476,0.99834085,person
6,00382,430,209,564,471,0.9846911,person
6,00383,434,197,579,471,0.99668044,person
6,00384,446,221,605,476,0.9909616,person
6,00385,467,217,622,476,0.9898112,person
6,00386,485,231,650,475,0.9915877,person
6,00387,499,257,670,479,0.9842024,person
6,00388,518,258,686,476,0.9867654,person
6,00388,582,260,689,470,0.5722907,person
6,00389,535,295,714,480,0.98791224,person
6,00390,566,285,718,475,0.9713218,person
6,00391,599,328,718,477,0.89607126,person
