2,00001,302,1,705,463,0.2927913,boat
2,00001,16,2,688,478,0.8335967,bottle
2,00002,302,1,705,463,0.2927913,boat
2,00002,16,2,688,478,0.8335967,bottle
2,00003,302,1,705,463,0.2927913,boat
2,00003,16,2,688,478,0.8335967,bottle
2,00004,302,1,705,463,0.2927913,boat
2,00004,16,2,688,478,0.8335967,bottle
2,00005,302,1,705,463,0.2927913,boat
2,00005,16,2,688,478,0.8335967,bottle
2,00006,302,1,705,463,0.2927913,boat
2,00006,16,2,688,478,0.8335967,bottle
2,00007,302,1,705,463,0.2927913,boat
2,00007,16,2,688,478,0.8335967,bottle
2,00008,302,1,705,463,0.2927913,boat
2,00008,16,2,688,478,0.8335967,bottle
2,00009,302,1,705,463,0.2927913,boat
2,00009,16,2,688,478,0.8335967,bottle
2,00010,302,1,705,463,0.2927913,boat
2,00010,16,2,688,478,0.8335967,bottle
2,00011,302,1,705,463,0.2927913,boat
2,00011,16,2,688,478,0.8335967,bottle
2,00012,302,1,705,463,0.2927913,boat
2,00012,16,2,688,478,0.8335967,bottle
2,00013,302,1,705,463,0.2927913,boat
2,00013,16,2,688,478,0.8335967,bottle
2,00014,302,1,705,463,0.2927913,boat
2,00014,16,2,688,478,0.8335967,bottle
2,00015,302,1,705,463,0.2927913,boat
2,00015,16,2,688,478,0.8335967,bottle
2,00016,302,1,705,463,0.2927913,boat
2,00016,16,2,688,478,0.8335967,bottle
2,00017,302,1,705,463,0.2927913,boat
2,00017,16,2,688,478,0.8335967,bottle
2,00018,302,1,705,463,0.2927913,boat
2,00018,16,2,688,478,0.8335967,bottle
2,00019,302,1,705,463,0.2927913,boat
2,00019,16,2,688,478,0.8335967,bottle
2,00020,302,1,705,463,0.2927913,boat
2,00020,16,2,688,478,0.8335967,bottle
2,00021,302,1,705,463,0.2927913,boat
2,00021,16,2,688,478,0.8335967,bottle
2,00022,302,1,705,463,0.2927913,boat
2,00022,16,2,688,478,0.8335967,bottle
2,00023,302,1,705,463,0.2927913,boat
2,00023,16,2,688,478,0.8335967,bottle
2,00024,302,1,705,463,0.2927913,boat
2,00024,16,2,688,478,0.8335967,bottle
2,00025,302,1,705,463,0.2927913,boat
2,00025,16,2,688,478,0.8335967,bottle
2,00026,302,1,705,463,0.2927913,boat
2,00026,16,2,688,478,0.8335967,bottle
2,00027,302,1,705,463,0.2927913,boat
2,00027,16,2,688,478,0.8335967,bottle
2,00028,302,1,705,463,0.2927913,boat
2,00028,16,2,688,478,0.8335967,bottle
2,00029,302,1,705,463,0.2927913,boat
2,00029,16,2,688,478,0.8335967,bottle
2,00030,302,1,705,463,0.2927913,boat
2,00030,16,2,688,478,0.8335967,bottle
2,00031,302,1,705,463,0.2927913,boat
2,00031,16,2,688,478,0.8335967,bottle
2,00032,302,1,705,463,0.2927913,boat
2,00032,16,2,688,478,0.8335967,bottle
2,00033,302,1,705,463,0.2927913,boat
2,00033,16,2,688,478,0.8335967,bottle
2,00034,302,1,705,463,0.2927913,boat
2,00034,16,2,688,478,0.8335967,bottle
2,00035,302,1,705,463,0.2927913,boat
2,00035,16,2,688,478,0.8335967,bottle
2,00036,302,1,705,463,0.2927913,boat
2,00036,16,2,688,478,0.8335967,bottle
2,00037,302,1,705,463,0.2927913,boat
2,00037,16,2,688,478,0.8335967,bottle
2,00038,302,1,705,463,0.2927913,boat
2,00038,16,2,688,478,0.8335967,bottle
2,00039,302,1,705,463,0.2927913,boat
2,00039,16,2,688,478,0.8335967,bottle
2,00040,302,1,705,463,0.2927913,boat
2,00040,16,2,688,478,0.8335967,bottle
2,00041,302,1,705,463,0.2927913,boat
2,00041,16,2,688,478,0.8335967,bottle
2,00042,302,1,705,463,0.2927913,boat
2,00042,16,2,688,478,0.8335967,bottle
2,00043,302,1,705,463,0.2927913,boat
2,00043,16,2,688,478,0.8335967,bottle
2,00044,302,1,705,463,0.2927913,boat
2,00044,16,2,688,478,0.8335967,bottle
2,00045,302,1,705,463,0.2927913,boat
2,00045,16,2,688,478,0.8335967,bottle
2,00046,302,1,705,463,0.2927913,boat
2,00046,16,2,688,478,0.8335967,bottle
2,00047,302,1,705,463,0.2927913,boat
2,00047,16,2,688,478,0.8335967,bottle
2,00048,302,1,705,463,0.2927913,boat
2,00048,16,2,688,478,0.8335967,bottle
2,00049,302,1,705,463,0.2927913,boat
2,00049,16,2,688,478,0.8335967,bottle
2,00050,302,1,705,463,0.2927913,boat
2,00050,16,2,688,478,0.8335967,bottle
2,00051,302,1,705,463,0.2927913,boat
2,00051,16,2,688,478,0.8335967,bottle
2,00052,302,1,705,463,0.2927913,boat
2,00052,16,2,688,478,0.8335967,bottle
2,00053,302,1,705,463,0.2927913,boat
2,00053,16,2,688,478,0.8335967,bottle
2,00054,302,1,705,463,0.2927913,boat
2,00054,16,2,688,478,0.8335967,bottle
2,00055,302,1,705,463,0.2927913,boat
2,00055,16,2,688,478,0.8335967,bottle
2,00056,302,1,705,463,0.2927913,boat
2,00056,16,2,688,478,0.8335967,bottle
2,00057,302,1,705,463,0.2927913,boat
2,00057,16,2,688,478,0.8335967,bottle
2,00058,302,1,705,463,0.2927913,boat
2,00058,16,2,688,478,0.8335967,bottle
2,00059,302,1,705,463,0.2927913,boat
2,00059,16,2,688,478,0.8335967,bottle
2,00060,302,1,705,463,0.2927913,boat
2,00060,16,2,688,478,0.8335967,bottle
2,00061,302,1,705,463,0.2927913,boat
2,00061,16,2,688,478,0.8335967,bottle
2,00062,302,1,705,463,0.2927913,boat
2,00062,16,2,688,478,0.8335967,bottle
2,00063,302,1,705,463,0.2927913,boat
2,00063,16,2,688,478,0.8335967,bottle
2,00064,302,1,705,463,0.2927913,boat
2,00064,16,2,688,478,0.8335967,bottle
2,00065,302,1,705,463,0.2927913,boat
2,00065,16,2,688,478,0.8335967,bottle
2,00066,302,1,705,463,0.2927913,boat
2,00066,16,2,688,478,0.8335967,bottle
2,00067,302,1,705,463,0.2927913,boat
2,00067,16,2,688,478,0.8335967,bottle
2,00068,302,1,705,463,0.2927913,boat
2,00068,16,2,688,478,0.8335967,bottle
2,00069,302,1,705,463,0.2927913,boat
2,00069,16,2,688,478,0.8335967,bottle
2,00070,302,1,705,463,0.2927913,boat
2,00070,16,2,688,478,0.8335967,bottle
2,00071,302,1,705,463,0.2927913,boat
2,00071,16,2,688,478,0.8335967,bottle
2,00072,302,1,705,463,0.2927913,boat
2,00072,16,2,688,478,0.8335967,bottle
2,00073,302,1,705,463,0.2927913,boat
2,00073,16,2,688,478,0.8335967,bottle
2,00074,302,1,705,463,0.2927913,boat
2,00074,16,2,688,478,0.8335967,bottle
2,00075,302,1,705,463,0.2927913,boat
2,00075,16,2,688,478,0.8335967,bottle
2,00076,302,1,705,463,0.2927913,boat
2,00076,16,2,688,478,0.8335967,bottle
2,00077,302,1,705,463,0.2927913,boat
2,00077,16,2,688,478,0.8335967,bottle
2,00078,302,1,705,463,0.2927913,boat
2,00078,16,2,688,478,0.8335967,bottle
2,00079,302,1,705,463,0.2927913,boat
2,00079,16,2,688,478,0.8335967,bottle
2,00080,302,1,705,463,0.2927913,boat
2,00080,16,2,688,478,0.8335967,bottle
2,00081,302,1,705,463,0.2927913,boat
2,00081,16,2,688,478,0.8335967,bottle
2,00082,302,1,705,463,0.2927913,boat
2,00082,16,2,688,478,0.8335967,bottle
2,00083,302,1,705,463,0.2927913,boat
2,00083,16,2,688,478,0.8335967,bottle
2,00084,302,1,705,463,0.2927913,boat
2,00084,16,2,688,478,0.8335967,bottle
2,00085,302,1,705,463,0.2927913,boat
2,00085,16,2,688,478,0.8335967,bottle
2,00086,302,1,705,463,0.2927913,boat
2,00086,16,2,688,478,0.8335967,bottle
2,00087,302,1,705,463,0.2927913,boat
2,00087,16,2,688,478,0.8335967,bottle
2,00088,302,1,705,463,0.2927913,boat
2,00088,16,2,688,478,0.8335967,bottle
2,00089,302,1,705,463,0.2927913,boat
2,00089,16,2,688,478,0.8335967,bottle
2,00090,302,1,705,463,0.2927913,boat
2,00090,16,2,688,478,0.8335967,bottle
2,00091,302,1,705,463,0.2927913,boat
2,00091,16,2,688,478,0.8335967,bottle
2,00092,302,1,705,463,0.2927913,boat
2,00092,16,2,688,478,0.8335967,bottle
2,00093,302,1,705,463,0.2927913,boat
2,00093,16,2,688,478,0.8335967,bottle
2,00094,302,1,705,463,0.2927913,boat
2,00094,16,2,688,478,0.8335967,bottle
2,00095,302,1,705,463,0.2927913,boat
2,00095,16,2,688,478,0.8335967,bottle
2,00096,302,1,705,463,0.2927913,boat
2,00096,16,2,688,478,0.8335967,bottle
2,00097,302,1,705,463,0.2927913,boat
2,00097,16,2,688,478,0.8335967,bottle
2,00098,302,1,705,463,0.2927913,boat
2,00098,16,2,688,478,0.8335967,bottle
2,00099,302,1,705,463,0.2927913,boat
2,00099,16,2,688,478,0.8335967,bottle
2,00100,302,1,705,463,0.2927913,boat
2,00100,16,2,688,478,0.8335967,bottle
2,00101,7,2,671,478,0.6895244,bottle
2,00102,7,2,681,478,0.86212474,bottle
2,00103,8,2,678,478,0.84317005,bottle
2,00104,6,2,683,478,0.83788794,bottle
2,00105,4,2,710,478,0.88741076,bottle
2,00106,6,2,703,478,0.7830416,bottle
2,00107,302,3,713,471,0.3326079,boat
2,00107,18,2,706,478,0.57703704,bottle
2,00108,5,2,708,478,0.73691136,bottle
2,00109,10,4,689,479,0.4180929,boat
2,00109,6,2,688,478,0.45197913,bottle
2,00110,6,2,654,477,0.7430722,bottle
2,00111,509,285,705,479,0.8683257,cat
2,00112,484,268,699,481,0.97368866,person
2,00113,502,271,679,472,0.42468876,cat
2,00113,502,268,678,473,0.32429466,person
2,00114,475,243,666,481,0.9470269,person
2,00115,457,251,668,478,0.9004723,person
2,00116,471,218,631,479,0.45660603,bird
2,00116,468,225,631,477,0.9461984,person
2,00117,459,236,628,481,0.96451324,person
2,00118,464,220,626,480,0.98090005,person
2,00119,468,216,625,478,0.9574893,person
2,00120,455,213,628,477,0.933279,person
2,00121,432,207,622,478,0.8249733,person
2,00122,427,202,597,474,0.41413677,person
2,00123,409,206,576,481,0.7273,bird
2,00124,401,186,546,476,0.9946095,person
2,00125,387,190,538,460,0.997922,person
2,00126,373,179,506,449,0.9709618,person
2,00127,359,183,503,438,0.985537,person
2,00128,360,181,489,434,0.988013,person
2,00129,356,174,474,419,0.9668766,person
2,00130,344,175,478,411,0.89684075,person
2,00131,332,178,463,403,0.9202068,person
2,00132,327,164,451,399,0.91335243,person
2,00133,324,169,450,399,0.90958434,person
2,00134,316,154,434,383,0.853533,person
2,00135,305,168,414,367,0.6736826,person
2,00136,297,159,410,365,0.44042325,person
2,00137,285,151,410,363,0.80116475,person
2,00138,288,154,413,359,0.48798552,person
2,00139,289,155,369,340,0.8937631,person
2,00140,276,168,374,341,0.6617481,person
2,00141,280,173,368,336,0.48799735,person
2,00142,287,173,370,338,0.5379357,person
2,00143,284,174,373,338,0.6066779,person
2,00144,281,157,368,338,0.7745681,person
2,00145,271,159,369,332,0.8949946,person
2,00146,271,157,366,334,0.87634104,person
2,00147,261,160,365,332,0.58248395,person
2,00148,271,157,364,329,0.6834875,person
2,00149,268,160,360,331,0.7150555,person
2,00150,303,2,699,470,0.2808724,boat
2,00150,269,159,367,337,0.32377014,person
2,00151,296,2,708,475,0.26769486,boat
2,00151,256,181,360,336,0.46347496,person
2,00152,255,202,363,342,0.30992702,person
2,00153,303,-2,704,472,0.28109124,boat
2,00153,254,199,365,343,0.3604343,person
2,00154,268,178,361,334,0.34337398,dog
2,00154,267,180,359,334,0.34214166,person
2,00155,276,161,363,325,0.25849777,cat
2,00155,274,164,363,323,0.49307007,dog
2,00155,270,163,367,330,0.40627292,person
2,00156,279,165,369,337,0.8221188,person
2,00157,302,155,367,321,0.6923294,cat
2,00158,309,154,387,322,0.7459811,person
2,00160,333,153,403,295,0.27399325,person
2,00162,344,143,399,279,0.3869744,dog
2,00164,336,142,392,272,0.4294471,cat
2,00169,329,133,377,245,0.2624397,cat
2,00175,323,112,387,231,0.34652025,cat
2,00180,29,3,708,478,0.34949026,bottle
2,00182,296,5,700,475,0.52884525,boat
2,00183,37,9,715,481,0.27210498,boat
2,00183,33,2,709,478,0.38644388,bottle
2,00186,13,8,714,482,0.32843202,boat
2,00187,42,5,711,479,0.3191321,boat
2,00189,276,1,694,464,0.6591967,boat
2,00190,42,1,710,482,0.37693587,boat
2,00191,44,2,708,481,0.41599837,boat
2,00192,65,3,706,478,0.41695094,boat
2,00194,47,3,707,479,0.4969219,boat
2,00196,283,6,706,466,0.37632248,boat
2,00197,68,5,707,477,0.35370687,boat
2,00198,20,1,696,478,0.2690729,boat
2,00199,88,3,706,478,0.40650406,boat
2,00200,285,3,702,462,0.40822822,boat
2,00201,19,2,704,480,0.43933386,boat
2,00202,272,6,706,471,0.42360753,boat
2,00203,37,3,699,480,0.48391765,boat
2,00204,51,3,704,479,0.2522428,boat
2,00205,21,3,704,479,0.3772797,boat
2,00207,23,4,707,483,0.66122305,boat
2,00207,15,2,709,478,0.28514874,bottle
2,00208,23,4,710,482,0.34876147,boat
2,00209,4,5,691,482,0.40208116,boat
2,00209,7,3,700,478,0.44091722,bottle
2,00210,48,2,698,478,0.35348472,boat
2,00210,25,2,708,478,0.32894844,bottle
2,00211,58,3,703,476,0.4574673,boat
2,00211,59,1,710,479,0.28818357,bottle
2,00213,55,0,702,477,0.32359847,boat
2,00214,33,0,693,479,0.44849962,boat
2,00214,12,2,707,478,0.47346476,bottle
2,00215,34,2,695,478,0.51100904,boat
2,00215,17,2,706,478,0.36109295,bottle
2,00216,7,3,693,479,0.25749406,boat
2,00217,19,3,709,482,0.36396697,boat
2,00217,13,0,709,480,0.27459222,car
2,00218,57,2,693,479,0.5195854,boat
2,00218,33,2,705,478,0.31710845,bottle
2,00219,5,7,687,480,0.37011668,boat
2,00219,5,3,702,478,0.52261597,bottle
2,00220,60,2,701,479,0.38261545,boat
2,00220,37,2,710,478,0.41118407,bottle
2,00221,26,4,693,479,0.36667514,boat
2,00223,45,0,697,479,0.2915715,boat
2,00223,23,2,709,478,0.49036652,bottle
2,00224,137,0,674,461,0.52721554,boat
2,00225,5,2,708,478,0.439504,bottle
2,00226,31,0,705,481,0.41774452,boat
2,00226,22,1,706,478,0.46551907,bottle
2,00228,82,0,699,476,0.4171546,boat
2,00229,282,4,694,468,0.30050462,boat
2,00229,100,0,708,480,0.3226815,bottle
2,00232,32,4,695,480,0.5061676,boat
2,00232,19,3,707,478,0.3970284,bottle
2,00233,15,2,709,478,0.48165795,bottle
2,00234,28,0,700,481,0.49908447,boat
2,00234,15,2,708,479,0.32766908,bottle
2,00235,58,0,702,479,0.38971916,boat
2,00235,36,2,709,478,0.3219139,bottle
2,00236,90,-1,690,475,0.3550978,boat
2,00236,60,0,706,479,0.44538528,bottle
2,00238,33,4,698,481,0.48545364,boat
2,00238,22,2,707,478,0.40099007,bottle
2,00239,29,-2,688,476,0.31609556,boat
2,00240,40,1,700,479,0.42326215,boat
2,00240,27,2,708,479,0.2671706,bottle
2,00241,6,3,712,478,0.42458758,bottle
2,00241,3,0,712,480,0.30650684,car
2,00242,10,2,711,478,0.5501904,bottle
2,00244,57,0,702,478,0.46124294,boat
2,00244,44,1,711,478,0.374586,bottle
2,00245,48,1,703,480,0.4539149,boat
2,00246,62,0,703,479,0.25370798,boat
2,00246,66,0,708,479,0.2893258,bottle
2,00247,4,2,704,485,0.2902069,boat
2,00247,10,3,709,478,0.33111668,bottle
2,00248,29,0,716,482,0.36154172,boat
2,00248,23,0,708,480,0.2924857,car
2,00249,14,2,710,478,0.50027424,bottle
2,00250,9,3,710,478,0.3632012,bottle
2,00251,41,0,709,480,0.3442108,boat
2,00251,26,2,710,478,0.3387634,bottle
2,00252,22,2,705,483,0.27016062,boat
2,00252,19,2,710,478,0.42976686,bottle
2,00253,19,2,708,478,0.7277425,bottle
2,00254,5,3,709,478,0.33344558,bottle
2,00255,7,0,704,482,0.29552594,boat
2,00255,7,2,708,478,0.36348015,bottle
2,00256,29,2,707,478,0.3504201,bottle
2,00257,24,0,708,482,0.43265155,boat
2,00258,9,3,711,478,0.28699374,bottle
2,00260,11,3,710,478,0.35455346,bottle
2,00260,9,0,709,481,0.2769322,car
2,00261,32,0,706,483,0.27858523,boat
2,00261,26,2,706,479,0.35933113,bottle
2,00262,5,3,711,478,0.40780216,bottle
2,00263,55,3,693,478,0.25456393,boat
2,00263,41,2,709,479,0.6299047,bottle
2,00264,111,2,694,477,0.5069294,boat
2,00264,132,0,713,480,0.4194119,bottle
2,00265,25,5,702,482,0.5757717,boat
2,00265,14,3,711,478,0.4715379,bottle
2,00266,288,5,707,460,0.38280928,boat
2,00266,67,1,709,479,0.32504678,bottle
2,00267,63,1,683,475,0.38674125,boat
2,00267,49,1,701,479,0.62476313,bottle
2,00268,5,3,710,478,0.46254262,bottle
2,00269,59,-1,692,478,0.3997928,boat
2,00269,34,2,708,479,0.3897069,bottle
2,00270,32,2,709,483,0.3820586,boat
2,00270,26,3,712,478,0.3092324,bottle
2,00271,23,0,695,480,0.5849065,boat
2,00271,9,2,709,478,0.35571522,bottle
2,00273,27,1,700,479,0.31881708,boat
2,00274,21,3,705,478,0.38310832,bottle
2,00275,74,5,698,479,0.3840287,boat
2,00275,91,0,711,480,0.43547034,bottle
2,00276,72,5,685,475,0.50751996,boat
2,00276,71,0,705,479,0.46376473,bottle
2,00277,8,3,701,479,0.38170648,boat
2,00278,41,3,700,478,0.31961995,boat
2,00279,23,3,701,480,0.55227727,boat
2,00279,18,2,708,478,0.3632743,bottle
2,00280,16,2,708,479,0.7042121,bottle
2,00281,33,4,695,479,0.67857355,boat
2,00281,29,2,706,478,0.25279197,bottle
2,00282,39,1,693,477,0.508278,boat
2,00282,24,2,706,478,0.32631207,car
2,00283,18,1,704,481,0.42567047,boat
2,00283,16,2,708,478,0.5090182,bottle
2,00284,82,0,699,478,0.6316498,boat
2,00285,40,2,707,481,0.55694693,boat
2,00285,51,1,710,479,0.32604873,bottle
2,00286,18,4,687,478,0.7132555,boat
2,00286,7,2,699,478,0.32113585,bottle
2,00287,24,-1,712,481,0.46195084,boat
2,00287,20,2,709,478,0.4031495,bottle
2,00288,19,0,694,479,0.43282324,boat
2,00289,59,4,687,478,0.4608753,boat
2,00290,54,2,702,479,0.54677576,boat
2,00291,40,0,708,479,0.4191569,boat
2,00292,52,1,706,481,0.4500485,boat
2,00292,29,2,709,478,0.32002187,bottle
2,00293,101,1,700,477,0.44332546,boat
2,00293,133,0,712,480,0.25465024,bottle
2,00294,86,0,700,473,0.35359943,boat
2,00295,56,3,707,478,0.41892824,boat
2,00296,79,2,694,479,0.35536486,boat
2,00296,63,1,708,479,0.4286902,bottle
2,00297,31,2,702,478,0.34838966,boat
2,00298,54,2,698,480,0.62628573,boat
2,00298,53,1,708,479,0.36718103,bottle
2,00299,73,4,705,478,0.45447126,boat
2,00300,38,3,706,479,0.30378464,boat
2,00300,25,0,705,481,0.31406617,car
2,00301,58,7,701,478,0.5178949,boat
2,00302,47,3,702,480,0.5529883,boat
2,00303,63,4,702,475,0.30485943,boat
2,00303,50,2,706,478,0.29746097,bottle
2,00305,8,3,704,481,0.30700403,boat
2,00305,14,3,705,478,0.28279522,bottle
2,00306,68,3,708,478,0.3671305,boat
2,00307,6,6,712,483,0.5200942,boat
2,00307,9,0,709,480,0.2568541,car
2,00308,292,5,700,463,0.36567628,boat
2,00309,94,4,703,477,0.32453263,boat
2,00312,41,2,707,479,0.38346443,bottle
2,00313,43,2,708,479,0.40079162,bottle
2,00314,51,2,706,479,0.37435058,boat
2,00317,23,3,706,478,0.37039754,bottle
2,00329,307,133,355,255,0.34866574,dog
2,00333,307,124,358,263,0.2687504,bird
2,00334,308,142,366,275,0.594905,person
2,00335,307,130,365,282,0.45838365,person
2,00339,314,139,377,288,0.5681048,person
2,00340,313,128,378,296,0.6654817,person
2,00341,312,137,368,292,0.4885197,person
2,00342,310,137,366,301,0.36783388,person
2,00343,305,138,371,311,0.29241917,cow
2,00344,306,137,376,320,0.6171969,person
2,00345,306,135,374,324,0.5172403,person
2,00346,311,145,375,326,0.52207035,person
2,00347,309,148,372,328,0.5819776,person
2,00349,301,158,377,333,0.63161397,person
2,00350,295,167,378,333,0.5277217,person
2,00351,300,180,373,331,0.5670008,person
2,00352,302,207,369,331,0.55691427,cat
2,00353,299,221,369,336,0.38299203,person
2,00354,303,218,371,325,0.26832587,dog
2,00356,304,188,374,330,0.31241852,person
2,00358,302,166,372,341,0.41677094,person
2,00359,289,163,374,334,0.67964196,person
2,00360,285,151,379,330,0.80105776,person
2,00361,293,145,379,325,0.571954,person
2,00362,300,159,396,334,0.38948497,person
2,00363,316,154,390,330,0.71528065,person
2,00364,316,162,391,339,0.28024164,person
2,00365,320,151,395,336,0.91986847,person
2,00366,332,172,399,348,0.8807809,person
2,00369,325,161,410,364,0.31415525,person
2,00370,327,164,419,373,0.33534446,person
2,00371,327,159,429,393,0.2704925,person
2,00372,342,156,440,397,0.6514261,person
2,00373,344,172,436,404,0.47305527,person
2,00374,344,162,435,419,0.9248333,person
2,00375,348,183,459,424,0.9831213,person
2,00376,369,179,468,440,0.98795843,person
2,00377,373,174,478,447,0.90362835,person
2,00378,373,192,488,473,0.7437325,person
2,00379,376,185,505,472,0.98160064,person
2,00380,398,202,520,478,0.9958281,person
2,00381,417,195,539,479,0.9971528,person
2,00382,430,217,562,481,0.9620615,person
2,00383,434,217,574,481,0.88024205,person
2,00384,441,217,588,480,0.982334,person
2,00385,466,243,609,480,0.99178153,person
2,00386,489,232,634,478,0.9832138,person
2,00387,495,266,666,473,0.598213,bird
2,00387,3,3,630,478,0.48007348,bottle
2,00388,4,5,629,478,0.42007768,bottle
2,00388,511,252,669,480,0.9469259,person
2,00389,6,2,682,478,0.671357,bottle
2,00390,300,4,709,467,0.33200005,boat
2,00390,22,2,677,478,0.8846955,bottle
2,00391,6,2,650,478,0.7061731,bottle
2,00392,6,2,688,478,0.77700007,bottle
2,00393,12,6,696,478,0.29014668,boat
2,00393,7,3,708,478,0.78506356,bottle
2,00394,7,2,697,478,0.7517581,bottle
3,00001,6,6,644,479,0.35492527,boat
3,00001,4,1,641,479,0.8522267,bottle
3,00002,6,6,644,479,0.35492527,boat
3,00002,4,1,641,479,0.8522267,bottle
3,00003,6,6,644,479,0.35492527,boat
3,00003,4,1,641,479,0.8522267,bottle
3,00004,6,6,644,479,0.35492527,boat
3,00004,4,1,641,479,0.8522267,bottle
3,00005,6,6,644,479,0.35492527,boat
3,00005,4,1,641,479,0.8522267,bottle
3,00006,6,6,644,479,0.35492527,boat
3,00006,4,1,641,479,0.8522267,bottle
3,00007,6,6,644,479,0.35492527,boat
3,00007,4,1,641,479,0.8522267,bottle
3,00008,6,6,644,479,0.35492527,boat
3,00008,4,1,641,479,0.8522267,bottle
3,00009,6,6,644,479,0.35492527,boat
3,00009,4,1,641,479,0.8522267,bottle
3,00010,6,6,644,479,0.35492527,boat
3,00010,4,1,641,479,0.8522267,bottle
3,00011,6,6,644,479,0.35492527,boat
3,00011,4,1,641,479,0.8522267,bottle
3,00012,6,6,644,479,0.35492527,boat
3,00012,4,1,641,479,0.8522267,bottle
3,00013,6,6,644,479,0.35492527,boat
3,00013,4,1,641,479,0.8522267,bottle
3,00014,6,6,644,479,0.35492527,boat
3,00014,4,1,641,479,0.8522267,bottle
3,00015,6,6,644,479,0.35492527,boat
3,00015,4,1,641,479,0.8522267,bottle
3,00016,6,6,644,479,0.35492527,boat
3,00016,4,1,641,479,0.8522267,bottle
3,00017,6,6,644,479,0.35492527,boat
3,00017,4,1,641,479,0.8522267,bottle
3,00018,6,6,644,479,0.35492527,boat
3,00018,4,1,641,479,0.8522267,bottle
3,00019,6,6,644,479,0.35492527,boat
3,00019,4,1,641,479,0.8522267,bottle
3,00020,6,6,644,479,0.35492527,boat
3,00020,4,1,641,479,0.8522267,bottle
3,00021,6,6,644,479,0.35492527,boat
3,00021,4,1,641,479,0.8522267,bottle
3,00022,6,6,644,479,0.35492527,boat
3,00022,4,1,641,479,0.8522267,bottle
3,00023,6,6,644,479,0.35492527,boat
3,00023,4,1,641,479,0.8522267,bottle
3,00024,6,6,644,479,0.35492527,boat
3,00024,4,1,641,479,0.8522267,bottle
3,00025,6,6,644,479,0.35492527,boat
3,00025,4,1,641,479,0.8522267,bottle
3,00026,6,6,644,479,0.35492527,boat
3,00026,4,1,641,479,0.8522267,bottle
3,00027,6,6,644,479,0.35492527,boat
3,00027,4,1,641,479,0.8522267,bottle
3,00028,6,6,644,479,0.35492527,boat
3,00028,4,1,641,479,0.8522267,bottle
3,00029,6,6,644,479,0.35492527,boat
3,00029,4,1,641,479,0.8522267,bottle
3,00030,6,6,644,479,0.35492527,boat
3,00030,4,1,641,479,0.8522267,bottle
3,00031,6,6,644,479,0.35492527,boat
3,00031,4,1,641,479,0.8522267,bottle
3,00032,6,6,644,479,0.35492527,boat
3,00032,4,1,641,479,0.8522267,bottle
3,00033,6,6,644,479,0.35492527,boat
3,00033,4,1,641,479,0.8522267,bottle
3,00034,6,6,644,479,0.35492527,boat
3,00034,4,1,641,479,0.8522267,bottle
3,00035,6,6,644,479,0.35492527,boat
3,00035,4,1,641,479,0.8522267,bottle
3,00036,6,6,644,479,0.35492527,boat
3,00036,4,1,641,479,0.8522267,bottle
3,00037,6,6,644,479,0.35492527,boat
3,00037,4,1,641,479,0.8522267,bottle
3,00038,6,6,644,479,0.35492527,boat
3,00038,4,1,641,479,0.8522267,bottle
3,00039,6,6,644,479,0.35492527,boat
3,00039,4,1,641,479,0.8522267,bottle
3,00040,6,6,644,479,0.35492527,boat
3,00040,4,1,641,479,0.8522267,bottle
3,00041,6,6,644,479,0.35492527,boat
3,00041,4,1,641,479,0.8522267,bottle
3,00042,6,6,644,479,0.35492527,boat
3,00042,4,1,641,479,0.8522267,bottle
3,00043,6,6,644,479,0.35492527,boat
3,00043,4,1,641,479,0.8522267,bottle
3,00044,6,6,644,479,0.35492527,boat
3,00044,4,1,641,479,0.8522267,bottle
3,00045,6,6,644,479,0.35492527,boat
3,00045,4,1,641,479,0.8522267,bottle
3,00046,6,6,644,479,0.35492527,boat
3,00046,4,1,641,479,0.8522267,bottle
3,00047,6,6,644,479,0.35492527,boat
3,00047,4,1,641,479,0.8522267,bottle
3,00048,6,6,644,479,0.35492527,boat
3,00048,4,1,641,479,0.8522267,bottle
3,00049,6,6,644,479,0.35492527,boat
3,00049,4,1,641,479,0.8522267,bottle
3,00050,6,6,644,479,0.35492527,boat
3,00050,4,1,641,479,0.8522267,bottle
3,00051,6,6,644,479,0.35492527,boat
3,00051,4,1,641,479,0.8522267,bottle
3,00052,6,6,644,479,0.35492527,boat
3,00052,4,1,641,479,0.8522267,bottle
3,00053,6,6,644,479,0.35492527,boat
3,00053,4,1,641,479,0.8522267,bottle
3,00054,6,6,644,479,0.35492527,boat
3,00054,4,1,641,479,0.8522267,bottle
3,00055,6,6,644,479,0.35492527,boat
3,00055,4,1,641,479,0.8522267,bottle
3,00056,6,6,644,479,0.35492527,boat
3,00056,4,1,641,479,0.8522267,bottle
3,00057,6,6,644,479,0.35492527,boat
3,00057,4,1,641,479,0.8522267,bottle
3,00058,6,6,644,479,0.35492527,boat
3,00058,4,1,641,479,0.8522267,bottle
3,00059,6,6,644,479,0.35492527,boat
3,00059,4,1,641,479,0.8522267,bottle
3,00060,6,6,644,479,0.35492527,boat
3,00060,4,1,641,479,0.8522267,bottle
3,00061,6,6,644,479,0.35492527,boat
3,00061,4,1,641,479,0.8522267,bottle
3,00062,6,6,644,479,0.35492527,boat
3,00062,4,1,641,479,0.8522267,bottle
3,00063,6,6,644,479,0.35492527,boat
3,00063,4,1,641,479,0.8522267,bottle
3,00064,6,6,644,479,0.35492527,boat
3,00064,4,1,641,479,0.8522267,bottle
3,00065,6,6,644,479,0.35492527,boat
3,00065,4,1,641,479,0.8522267,bottle
3,00066,6,6,644,479,0.35492527,boat
3,00066,4,1,641,479,0.8522267,bottle
3,00067,6,6,644,479,0.35492527,boat
3,00067,4,1,641,479,0.8522267,bottle
3,00068,6,6,644,479,0.35492527,boat
3,00068,4,1,641,479,0.8522267,bottle
3,00069,6,6,644,479,0.35492527,boat
3,00069,4,1,641,479,0.8522267,bottle
3,00070,6,6,644,479,0.35492527,boat
3,00070,4,1,641,479,0.8522267,bottle
3,00071,6,6,644,479,0.35492527,boat
3,00071,4,1,641,479,0.8522267,bottle
3,00072,6,6,644,479,0.35492527,boat
3,00072,4,1,641,479,0.8522267,bottle
3,00073,6,6,644,479,0.35492527,boat
3,00073,4,1,641,479,0.8522267,bottle
3,00074,6,6,644,479,0.35492527,boat
3,00074,4,1,641,479,0.8522267,bottle
3,00075,6,6,644,479,0.35492527,boat
3,00075,4,1,641,479,0.8522267,bottle
3,00076,6,6,644,479,0.35492527,boat
3,00076,4,1,641,479,0.8522267,bottle
3,00077,6,6,644,479,0.35492527,boat
3,00077,4,1,641,479,0.8522267,bottle
3,00078,6,6,644,479,0.35492527,boat
3,00078,4,1,641,479,0.8522267,bottle
3,00079,6,6,644,479,0.35492527,boat
3,00079,4,1,641,479,0.8522267,bottle
3,00080,6,6,644,479,0.35492527,boat
3,00080,4,1,641,479,0.8522267,bottle
3,00081,6,6,644,479,0.35492527,boat
3,00081,4,1,641,479,0.8522267,bottle
3,00082,6,6,644,479,0.35492527,boat
3,00082,4,1,641,479,0.8522267,bottle
3,00083,6,6,644,479,0.35492527,boat
3,00083,4,1,641,479,0.8522267,bottle
3,00084,6,6,644,479,0.35492527,boat
3,00084,4,1,641,479,0.8522267,bottle
3,00085,6,6,644,479,0.35492527,boat
3,00085,4,1,641,479,0.8522267,bottle
3,00086,6,6,644,479,0.35492527,boat
3,00086,4,1,641,479,0.8522267,bottle
3,00087,6,6,644,479,0.35492527,boat
3,00087,4,1,641,479,0.8522267,bottle
3,00088,6,6,644,479,0.35492527,boat
3,00088,4,1,641,479,0.8522267,bottle
3,00089,6,6,644,479,0.35492527,boat
3,00089,4,1,641,479,0.8522267,bottle
3,00090,6,6,644,479,0.35492527,boat
3,00090,4,1,641,479,0.8522267,bottle
3,00091,6,6,644,479,0.35492527,boat
3,00091,4,1,641,479,0.8522267,bottle
3,00092,6,6,644,479,0.35492527,boat
3,00092,4,1,641,479,0.8522267,bottle
3,00093,6,6,644,479,0.35492527,boat
3,00093,4,1,641,479,0.8522267,bottle
3,00094,6,6,644,479,0.35492527,boat
3,00094,4,1,641,479,0.8522267,bottle
3,00095,6,6,644,479,0.35492527,boat
3,00095,4,1,641,479,0.8522267,bottle
3,00096,6,6,644,479,0.35492527,boat
3,00096,4,1,641,479,0.8522267,bottle
3,00097,6,6,644,479,0.35492527,boat
3,00097,4,1,641,479,0.8522267,bottle
3,00098,6,6,644,479,0.35492527,boat
3,00098,4,1,641,479,0.8522267,bottle
3,00099,6,6,644,479,0.35492527,boat
3,00099,4,1,641,479,0.8522267,bottle
3,00100,6,6,644,479,0.35492527,boat
3,00100,4,1,641,479,0.8522267,bottle
3,00101,0,7,654,479,0.71405965,boat
3,00101,5,2,653,478,0.4823681,bottle
3,00102,2,8,649,478,0.26933008,boat
3,00102,5,2,649,478,0.833055,bottle
3,00103,5,6,664,479,0.73971486,boat
3,00103,5,1,665,478,0.692491,bottle
3,00104,7,5,690,479,0.5219481,boat
3,00104,4,2,708,478,0.83260345,bottle
3,00105,-2,8,660,480,0.5069278,boat
3,00105,5,2,659,478,0.49784383,bottle
3,00106,4,6,676,479,0.4998025,boat
3,00106,5,1,683,479,0.81830776,bottle
3,00107,1,6,689,481,0.41438833,boat
3,00107,5,2,701,478,0.75205475,bottle
3,00108,6,10,643,479,0.48981187,boat
3,00108,549,339,710,477,0.42728496,sheep
3,00109,4,2,632,479,0.36702278,bottle
3,00110,509,288,704,479,0.8923972,person
3,00111,485,269,700,478,0.9739391,person
3,00112,502,262,681,480,0.95748955,person
3,00113,485,240,666,479,0.9710296,person
3,00114,452,250,669,479,0.88797987,person
3,00115,464,231,633,477,0.9400316,person
3,00116,463,224,630,481,0.9931926,person
3,00117,463,219,627,480,0.9876347,person
3,00118,467,209,626,479,0.9409286,person
3,00119,456,207,630,477,0.8742605,person
3,00120,439,221,620,482,0.64692503,bird
3,00120,440,208,618,478,0.91762525,person
3,00121,428,200,597,478,0.29395378,bird
3,00121,424,196,600,480,0.52040094,person
3,00122,418,202,575,481,0.90121615,person
3,00123,403,186,547,471,0.99586403,person
3,00124,386,184,543,467,0.99507433,person
3,00125,378,178,511,455,0.9603777,person
3,00126,357,175,505,437,0.9935754,person
3,00127,356,180,491,436,0.9964097,person
3,00128,355,168,481,428,0.9328325,person
3,00129,343,173,477,416,0.9775752,person
3,00130,339,172,466,412,0.99592674,person
3,00131,328,162,455,399,0.98818076,person
3,00132,318,163,450,397,0.9696382,person
3,00133,314,151,432,384,0.829172,person
3,00134,300,150,431,374,0.8759167,person
3,00135,299,161,403,367,0.5980364,person
3,00136,282,151,411,360,0.9035696,person
3,00137,282,149,413,356,0.9095885,person
3,00138,291,151,375,340,0.77451146,person
3,00139,274,166,380,341,0.5959455,person
3,00140,272,171,376,338,0.80033207,person
3,00141,283,168,372,336,0.31577858,person
3,00142,284,173,372,335,0.3917595,person
3,00143,281,158,373,335,0.5916219,person
3,00144,272,158,368,329,0.8645956,person
3,00145,269,158,370,330,0.76174796,person
3,00146,261,161,369,327,0.41946003,person
3,00147,275,155,361,321,0.26151538,dog
3,00147,271,161,367,328,0.71088535,person
3,00148,272,154,359,324,0.32098243,dog
3,00148,270,158,361,332,0.47825488,person
3,00151,254,204,362,342,0.3865942,bird
3,00151,252,197,357,334,0.26722896,person
3,00153,267,182,364,335,0.35295504,person
3,00154,275,165,364,318,0.47037044,dog
3,00155,281,166,370,330,0.32750595,bird
3,00155,279,166,374,333,0.30487993,person
3,00156,294,149,366,323,0.52065194,cat
3,00156,293,151,369,331,0.4286106,person
3,00157,312,152,380,323,0.34441254,person
3,00160,336,139,400,287,0.5884121,cat
3,00161,342,140,399,282,0.28957614,person
3,00163,335,139,392,273,0.3932359,cat
3,00165,321,128,381,257,0.5466602,cat
3,00166,326,140,379,250,0.25683817,cat
3,00168,325,131,375,246,0.35511124,cat
3,00170,326,129,379,240,0.25779253,dog
3,00172,327,115,385,231,0.2610288,cat
3,00174,323,111,381,229,0.5566264,cat
3,00176,319,117,377,228,0.47088468,cat
3,00202,54,2,685,478,0.32417163,boat
3,00203,28,2,686,481,0.39555788,boat
3,00204,78,1,676,476,0.29094204,boat
3,00206,58,3,671,476,0.261595,boat
3,00209,3,1,696,481,0.41092768,boat
3,00210,-18,2,681,479,0.38243952,boat
3,00212,8,1,683,477,0.2951086,boat
3,00213,24,2,691,478,0.271299,boat
3,00214,17,1,682,480,0.39220014,boat
3,00215,28,2,690,480,0.29473904,boat
3,00216,29,0,667,479,0.3353576,boat
3,00218,-7,2,678,479,0.39048323,boat
3,00219,47,0,689,481,0.43762478,boat
3,00222,0,0,683,480,0.38684025,boat
3,00225,3,-1,697,482,0.5053193,boat
3,00226,35,0,675,476,0.26322192,boat
3,00227,0,0,693,483,0.43193302,boat
3,00228,45,0,668,477,0.5856286,boat
3,00230,-8,3,669,480,0.39368117,boat
3,00231,0,0,685,481,0.60085446,boat
3,00232,62,-1,685,476,0.35880372,boat
3,00234,15,2,676,479,0.34087524,boat
3,00236,0,3,674,477,0.42012116,boat
3,00238,-10,4,660,480,0.495938,boat
3,00239,8,0,697,483,0.45144144,boat
3,00240,-8,0,687,482,0.42398253,boat
3,00240,5,2,666,479,0.25234807,bottle
3,00241,-6,-1,684,479,0.31993034,boat
3,00241,4,2,662,478,0.46827218,bottle
3,00242,6,3,686,478,0.39581904,bottle
3,00243,0,-1,689,479,0.53381747,boat
3,00243,4,2,692,478,0.5450823,bottle
3,00244,-5,5,653,477,0.26956305,boat
3,00245,-7,4,670,476,0.30084902,boat
3,00246,-12,4,682,478,0.2797683,boat
3,00247,-5,7,669,475,0.2866927,boat
3,00248,-1,1,698,481,0.35946137,boat
3,00249,-11,4,680,478,0.38687056,boat
3,00250,0,3,674,474,0.34855673,boat
3,00252,-7,2,692,481,0.5034271,boat
3,00253,3,2,648,479,0.2636433,bottle
3,00254,-10,4,685,480,0.31520504,boat
3,00255,-6,0,700,479,0.44310296,boat
3,00256,-10,0,693,481,0.57344747,boat
3,00256,4,3,695,478,0.4346602,bottle
3,00257,-12,0,692,481,0.46461207,boat
3,00258,-9,4,672,477,0.3452135,boat
3,00259,-8,2,672,481,0.26210454,boat
3,00259,3,0,601,480,0.28109547,bottle
3,00262,-12,5,674,481,0.47969803,boat
3,00264,29,-1,703,482,0.5924447,boat
3,00266,-2,3,676,478,0.250068,boat
3,00269,6,1,691,480,0.39093658,boat
3,00270,-7,2,688,482,0.52092975,boat
3,00271,0,1,686,481,0.42642525,boat
3,00272,-9,1,682,481,0.5980424,boat
3,00274,13,2,697,482,0.42003754,boat
3,00275,0,3,684,478,0.392042,boat
3,00276,-8,1,693,481,0.5063601,boat
3,00277,19,1,694,481,0.31773403,boat
3,00278,-7,1,696,482,0.5932455,boat
3,00279,45,1,672,474,0.384191,boat
3,00280,-1,1,684,482,0.48928756,boat
3,00281,-5,1,687,480,0.43018296,boat
3,00282,1,4,684,479,0.3401347,boat
3,00284,-3,0,699,479,0.4745768,boat
3,00289,25,2,686,477,0.2672052,boat
3,00321,307,134,347,243,0.2695881,person
3,00324,304,129,351,246,0.25002867,person
3,00325,305,129,350,247,0.5918975,person
3,00326,303,135,349,251,0.25972447,cat
3,00328,304,134,357,253,0.36557084,person
3,00329,306,132,359,253,0.39655426,person
3,00330,308,130,357,252,0.2514936,person
3,00331,305,141,362,277,0.3180789,person
3,00332,306,125,359,260,0.31663492,bird
3,00333,307,139,366,274,0.5714557,person
3,00334,306,127,367,282,0.622192,person
3,00338,312,135,372,286,0.5835521,person
3,00339,314,132,377,292,0.46249908,person
3,00340,314,135,373,292,0.26106435,person
3,00341,309,138,368,296,0.35270303,person
3,00342,305,140,372,310,0.3026754,cow
3,00343,307,137,375,305,0.7080382,person
3,00344,311,137,376,315,0.5947524,person
3,00345,313,137,375,315,0.458699,person
3,00346,307,144,372,328,0.5810404,person
3,00348,302,151,376,331,0.54119533,person
3,00349,307,159,378,332,0.60514766,person
3,00350,303,169,374,329,0.5235525,person
3,00351,304,198,370,327,0.42863175,cat
3,00354,305,210,373,326,0.28656903,dog
3,00355,299,183,377,336,0.44602576,person
3,00357,304,163,373,334,0.28369778,person
3,00358,290,160,373,328,0.7053354,person
3,00359,283,155,382,326,0.9468596,person
3,00360,286,145,383,322,0.64876646,person
3,00361,294,159,396,332,0.3853646,person
3,00362,311,154,389,329,0.5847713,person
3,00363,313,159,390,338,0.3581371,person
3,00364,314,152,395,335,0.83276445,person
3,00365,321,160,399,342,0.95518506,person
3,00366,327,160,403,343,0.8523188,person
3,00368,325,164,408,367,0.5733056,person
3,00369,319,169,421,366,0.52094907,person
3,00370,330,157,429,398,0.49763575,person
3,00371,342,153,436,397,0.72998583,person
3,00372,344,161,437,404,0.70525795,person
3,00373,340,160,432,418,0.9661379,person
3,00374,348,176,462,423,0.99531496,person
3,00375,362,180,465,437,0.9968912,person
3,00376,374,170,476,442,0.96765345,person
3,00377,377,188,479,475,0.80509096,person
3,00378,376,183,498,476,0.8981892,person
3,00379,387,196,520,480,0.99532205,person
3,00380,413,202,539,479,0.99813724,person
3,00381,426,202,558,479,0.79428935,person
3,00382,433,217,573,480,0.8915262,person
3,00383,438,212,584,480,0.9837414,person
3,00384,462,237,604,480,0.9928712,person
3,00385,484,236,631,478,0.9859936,person
3,00386,2,1,587,480,0.272614,bottle
3,00386,493,257,658,481,0.94723606,person
3,00387,508,257,670,480,0.9776529,person
3,00388,-5,3,704,484,0.7033868,boat
3,00388,5,2,705,478,0.3974768,bottle
3,00389,5,2,671,478,0.7394671,bottle
3,00390,4,7,655,479,0.61356694,boat
3,00390,6,1,662,478,0.7470383,bottle
3,00391,5,1,639,479,0.8380333,bottle
3,00392,9,6,673,478,0.4767538,boat
3,00392,5,1,686,479,0.8550081,bottle
3,00393,3,5,634,479,0.31378,boat
3,00393,4,1,633,479,0.8320967,bottle
3,00394,6,8,621,479,0.47298717,boat
3,00394,4,1,625,479,0.8034495,bottle
4,00001,10,4,675,482,0.29491842,boat
4,00002,10,4,675,482,0.29491842,boat
4,00003,10,4,675,482,0.29491842,boat
4,00004,10,4,675,482,0.29491842,boat
4,00005,10,4,675,482,0.29491842,boat
4,00006,10,4,675,482,0.29491842,boat
4,00007,10,4,675,482,0.29491842,boat
4,00008,10,4,675,482,0.29491842,boat
4,00009,10,4,675,482,0.29491842,boat
4,00010,10,4,675,482,0.29491842,boat
4,00011,10,4,675,482,0.29491842,boat
4,00012,10,4,675,482,0.29491842,boat
4,00013,10,4,675,482,0.29491842,boat
4,00014,10,4,675,482,0.29491842,boat
4,00015,10,4,675,482,0.29491842,boat
4,00016,10,4,675,482,0.29491842,boat
4,00017,10,4,675,482,0.29491842,boat
4,00018,10,4,675,482,0.29491842,boat
4,00019,10,4,675,482,0.29491842,boat
4,00020,10,4,675,482,0.29491842,boat
4,00021,10,4,675,482,0.29491842,boat
4,00022,10,4,675,482,0.29491842,boat
4,00023,10,4,675,482,0.29491842,boat
4,00024,10,4,675,482,0.29491842,boat
4,00025,10,4,675,482,0.29491842,boat
4,00026,10,4,675,482,0.29491842,boat
4,00027,10,4,675,482,0.29491842,boat
4,00028,10,4,675,482,0.29491842,boat
4,00029,10,4,675,482,0.29491842,boat
4,00030,10,4,675,482,0.29491842,boat
4,00031,10,4,675,482,0.29491842,boat
4,00032,10,4,675,482,0.29491842,boat
4,00033,10,4,675,482,0.29491842,boat
4,00034,10,4,675,482,0.29491842,boat
4,00035,10,4,675,482,0.29491842,boat
4,00036,10,4,675,482,0.29491842,boat
4,00037,10,4,675,482,0.29491842,boat
4,00038,10,4,675,482,0.29491842,boat
4,00039,10,4,675,482,0.29491842,boat
4,00040,10,4,675,482,0.29491842,boat
4,00041,10,4,675,482,0.29491842,boat
4,00042,10,4,675,482,0.29491842,boat
4,00043,10,4,675,482,0.29491842,boat
4,00044,10,4,675,482,0.29491842,boat
4,00045,10,4,675,482,0.29491842,boat
4,00046,10,4,675,482,0.29491842,boat
4,00047,10,4,675,482,0.29491842,boat
4,00048,10,4,675,482,0.29491842,boat
4,00049,10,4,675,482,0.29491842,boat
4,00050,10,4,675,482,0.29491842,boat
4,00051,10,4,675,482,0.29491842,boat
4,00052,10,4,675,482,0.29491842,boat
4,00053,10,4,675,482,0.29491842,boat
4,00054,10,4,675,482,0.29491842,boat
4,00055,10,4,675,482,0.29491842,boat
4,00056,10,4,675,482,0.29491842,boat
4,00057,10,4,675,482,0.29491842,boat
4,00058,10,4,675,482,0.29491842,boat
4,00059,10,4,675,482,0.29491842,boat
4,00060,10,4,675,482,0.29491842,boat
4,00061,10,4,675,482,0.29491842,boat
4,00062,10,4,675,482,0.29491842,boat
4,00063,10,4,675,482,0.29491842,boat
4,00064,10,4,675,482,0.29491842,boat
4,00065,10,4,675,482,0.29491842,boat
4,00066,10,4,675,482,0.29491842,boat
4,00067,10,4,675,482,0.29491842,boat
4,00068,10,4,675,482,0.29491842,boat
4,00069,10,4,675,482,0.29491842,boat
4,00070,10,4,675,482,0.29491842,boat
4,00071,10,4,675,482,0.29491842,boat
4,00072,10,4,675,482,0.29491842,boat
4,00073,10,4,675,482,0.29491842,boat
4,00074,10,4,675,482,0.29491842,boat
4,00075,10,4,675,482,0.29491842,boat
4,00076,10,4,675,482,0.29491842,boat
4,00077,10,4,675,482,0.29491842,boat
4,00078,10,4,675,482,0.29491842,boat
4,00079,10,4,675,482,0.29491842,boat
4,00080,10,4,675,482,0.29491842,boat
4,00081,10,4,675,482,0.29491842,boat
4,00082,10,4,675,482,0.29491842,boat
4,00083,10,4,675,482,0.29491842,boat
4,00084,10,4,675,482,0.29491842,boat
4,00085,10,4,675,482,0.29491842,boat
4,00086,10,4,675,482,0.29491842,boat
4,00087,10,4,675,482,0.29491842,boat
4,00088,10,4,675,482,0.29491842,boat
4,00089,10,4,675,482,0.29491842,boat
4,00090,10,4,675,482,0.29491842,boat
4,00091,10,4,675,482,0.29491842,boat
4,00092,10,4,675,482,0.29491842,boat
4,00093,10,4,675,482,0.29491842,boat
4,00094,10,4,675,482,0.29491842,boat
4,00095,10,4,675,482,0.29491842,boat
4,00096,10,4,675,482,0.29491842,boat
4,00097,10,4,675,482,0.29491842,boat
4,00098,10,4,675,482,0.29491842,boat
4,00099,10,4,675,482,0.29491842,boat
4,00100,10,4,675,482,0.29491842,boat
4,00103,16,5,672,481,0.3617882,boat
4,00105,-1,9,671,481,0.39369798,boat
4,00108,8,5,682,482,0.27022818,boat
4,00108,547,334,713,480,0.43101448,person
4,00109,519,308,723,479,0.6948671,person
4,00110,515,303,707,479,0.5442977,person
4,00111,496,287,699,479,0.9819818,person
4,00112,500,278,686,479,0.96947587,person
4,00113,498,241,662,481,0.98067456,person
4,00114,461,250,672,481,0.95110846,person
4,00115,464,230,640,482,0.9285137,person
4,00116,467,226,632,479,0.9755363,person
4,00117,464,217,630,479,0.9524674,person
4,00118,471,210,628,479,0.925394,person
4,00119,459,208,628,478,0.9438242,person
4,00120,450,210,616,479,0.7005811,bird
4,00120,449,207,613,479,0.8903588,person
4,00121,437,200,603,480,0.5204425,bird
4,00122,425,193,571,482,0.52752966,bird
4,00122,424,195,572,481,0.49659806,person
4,00123,407,183,560,453,0.9594766,person
4,00124,388,178,544,461,0.9977962,person
4,00125,381,176,514,455,0.9891939,person
4,00126,357,165,502,442,0.98493606,person
4,00127,353,177,485,442,0.9693606,person
4,00128,352,166,477,428,0.96456385,person
4,00129,346,167,475,415,0.9274226,person
4,00130,341,169,466,413,0.99454665,person
4,00131,323,164,459,398,0.9792027,person
4,00132,320,164,449,396,0.49671975,bird
4,00132,324,162,452,398,0.43373454,person
4,00133,324,154,449,381,0.5102856,bird
4,00133,326,153,448,382,0.40647498,person
4,00134,300,154,429,378,0.8242979,person
4,00135,301,167,411,369,0.8384966,person
4,00136,279,144,417,362,0.97549635,person
4,00137,281,150,411,357,0.88954616,person
4,00138,292,152,382,344,0.71370924,person
4,00139,280,164,380,344,0.7937871,person
4,00140,271,165,380,342,0.90577084,person
4,00142,283,171,373,336,0.68444073,person
4,00143,283,161,369,323,0.28996924,dog
4,00143,280,161,377,330,0.48343292,person
4,00144,270,155,373,331,0.91897756,person
4,00145,269,156,374,330,0.89424723,person
4,00146,263,161,373,331,0.59114414,person
4,00147,274,151,360,319,0.365928,dog
4,00147,271,159,365,327,0.7270183,person
4,00148,273,155,361,324,0.36339048,dog
4,00148,270,160,362,331,0.55550474,person
4,00149,268,154,365,334,0.5929605,person
4,00151,255,192,360,339,0.33946192,person
4,00153,265,181,368,336,0.2856259,dog
4,00155,283,161,371,321,0.25053993,bird
4,00155,279,166,371,324,0.31211314,dog
4,00155,275,154,375,342,0.52255005,person
4,00156,298,156,366,326,0.74683464,person
4,00160,335,138,400,289,0.26130605,dog
4,00161,340,138,399,288,0.36531636,person
4,00163,334,140,391,275,0.40501738,bird
4,00163,331,137,394,266,0.26314574,dog
4,00165,322,128,380,260,0.5096045,cat
4,00168,325,133,375,246,0.34621343,cat
4,00172,326,119,381,233,0.25648627,dog
4,00174,324,117,380,228,0.5567097,cat
4,00177,310,127,369,228,0.27989095,cat
4,00178,315,109,376,221,0.4086539,cat
4,00180,310,117,357,226,0.2940872,dog
4,00185,311,120,353,216,0.2648738,person
4,00319,303,131,349,240,0.33183667,person
4,00321,304,130,348,243,0.25311008,person
4,00323,301,130,349,244,0.3285359,person
4,00324,301,131,352,250,0.32511768,dog
4,00324,301,131,352,250,0.2561338,person
4,00325,304,129,352,253,0.5502499,person
4,00327,300,128,356,256,0.3875413,bird
4,00328,304,133,357,252,0.35834718,dog
4,00329,306,134,358,254,0.45442247,person
4,00331,305,140,361,271,0.40234104,person
4,00333,304,132,363,264,0.5134245,person
4,00334,306,131,366,278,0.5744501,person
4,00335,310,133,366,280,0.40942726,person
4,00336,312,137,365,282,0.37888178,person
4,00337,311,131,365,286,0.27393723,dog
4,00338,309,131,376,286,0.5887736,person
4,00339,312,131,376,289,0.69341004,person
4,00340,310,129,374,290,0.63598615,person
4,00341,309,138,370,293,0.80882335,person
4,00342,306,131,370,304,0.40945914,person
4,00343,306,138,376,307,0.7954567,person
4,00344,309,136,377,318,0.57879126,person
4,00345,307,137,377,320,0.49317542,person
4,00346,305,147,376,326,0.65884274,person
4,00347,302,146,375,327,0.3737634,person
4,00348,297,149,379,334,0.6635642,person
4,00349,300,157,379,333,0.7157916,person
4,00350,299,170,377,331,0.3207883,person
4,00351,296,190,373,328,0.5673399,person
4,00352,302,213,368,324,0.309218,dog
4,00353,302,220,369,324,0.264148,dog
4,00355,298,186,379,336,0.57130927,person
4,00357,308,151,372,333,0.29158938,person
4,00358,297,151,374,325,0.75493854,person
4,00359,280,148,384,326,0.9348461,person
4,00360,280,146,389,325,0.83648884,person
4,00361,292,155,396,330,0.4699528,person
4,00362,309,156,393,334,0.7770626,person
4,00363,307,156,393,338,0.68279505,person
4,00364,308,152,396,338,0.85035264,person
4,00365,318,155,401,343,0.9840889,person
4,00366,326,153,404,346,0.92726433,person
4,00367,327,152,407,350,0.58343595,person
4,00368,324,160,409,371,0.7147351,person
4,00369,319,148,425,374,0.51143485,person
4,00370,324,156,433,390,0.54513973,person
4,00371,337,151,433,399,0.6505978,person
4,00372,340,160,437,396,0.7449198,person
4,00373,340,162,433,418,0.9477061,person
4,00374,346,170,463,419,0.9973225,person
4,00375,354,176,465,440,0.9961901,person
4,00376,372,168,470,443,0.9839093,person
4,00377,374,189,480,471,0.8083723,person
4,00378,379,178,487,478,0.7934162,person
4,00379,381,194,518,481,0.9934214,person
4,00380,415,203,533,477,0.9873646,person
4,00381,418,205,548,483,0.36580878,bird
4,00381,428,198,550,485,0.9431362,person
4,00382,436,218,569,481,0.9425205,person
4,00383,440,204,584,480,0.94840014,person
4,00384,459,232,603,479,0.9875838,person
5,00107,536,366,713,481,0.46509,person
5,00108,542,335,714,481,0.32160318,bird
5,00109,519,308,721,478,0.7097566,person
5,00110,512,309,711,478,0.8300792,person
5,00111,506,288,696,479,0.96638185,person
5,00112,494,276,688,480,0.92843395,person
5,00113,503,239,661,480,0.96130013,person
5,00114,460,248,676,481,0.9736891,person
5,00115,467,233,665,479,0.89117223,person
5,00116,466,220,627,479,0.9430448,person
5,00117,462,216,627,480,0.96551883,person
5,00118,471,209,624,478,0.9451661,person
5,00119,464,207,625,479,0.9458234,person
5,00120,450,205,610,480,0.97233033,person
5,00121,435,184,601,481,0.77182025,person
5,00122,421,193,574,483,0.8224146,person
5,00123,410,189,556,475,0.98205966,person
5,00124,393,178,538,461,0.98796415,person
5,00125,383,176,517,459,0.986225,person
5,00126,363,165,495,445,0.9559576,person
5,00127,351,174,491,441,0.837947,bird
5,00128,351,168,478,429,0.94805837,person
5,00129,350,165,476,420,0.63509804,person
5,00130,342,167,468,414,0.99276865,person
5,00131,322,158,458,399,0.97656333,person
5,00132,319,161,452,397,0.78147787,person
5,00133,325,156,452,388,0.9679914,person
5,00134,304,151,436,376,0.7083436,person
5,00135,303,149,413,371,0.854857,person
5,00136,282,143,414,358,0.97285706,person
5,00137,281,146,412,357,0.9255388,person
5,00138,296,157,395,348,0.42069334,person
5,00139,279,157,381,343,0.855375,person
5,00140,271,165,379,340,0.4861045,person
5,00142,280,162,372,332,0.31989756,dog
5,00142,280,166,373,337,0.7047689,person
5,00143,284,154,370,328,0.35427463,dog
5,00143,282,157,380,336,0.431628,person
5,00144,271,145,375,334,0.95593363,person
5,00145,267,157,376,332,0.9578044,person
5,00146,267,159,372,332,0.8830635,person
5,00147,272,159,366,330,0.84442115,person
5,00148,271,157,361,328,0.80735004,person
5,00149,265,150,364,332,0.7973559,person
5,00150,262,163,362,333,0.7891633,person
5,00151,251,193,357,335,0.589956,person
5,00153,260,183,367,334,0.29897943,dog
5,00153,255,190,375,345,0.27986822,person
5,00154,267,170,370,325,0.53746814,person
5,00155,274,160,375,324,0.6637096,person
5,00156,294,151,367,323,0.824688,person
5,00158,312,144,387,311,0.31124154,person
5,00160,332,139,403,292,0.6766784,person
5,00161,340,137,402,286,0.25995377,dog
5,00161,340,137,402,286,0.51839375,person
5,00162,338,141,401,282,0.31638497,dog
5,00166,323,134,386,255,0.3968297,person
5,00167,319,126,373,251,0.34076664,person
5,00169,326,126,379,243,0.35425782,person
5,00170,327,133,384,243,0.28312078,person
5,00180,307,118,357,223,0.28667933,dog
5,00183,307,121,351,219,0.25187865,person
5,00184,308,124,351,224,0.27318454,person
5,00185,312,120,353,216,0.29780072,person
5,00191,300,120,337,214,0.2768917,person
5,00192,291,115,325,214,0.32505223,person
5,00199,289,114,323,196,0.29717374,person
5,00200,288,105,323,198,0.39400607,person
5,00205,283,103,318,191,0.29261476,person
5,00206,282,103,316,191,0.42305085,person
5,00303,289,117,327,215,0.29869628,person
5,00305,291,117,327,220,0.2710391,person
5,00308,290,119,335,217,0.30962086,person
5,00313,290,121,336,222,0.2611981,person
5,00319,301,127,348,244,0.53929657,person
5,00320,301,126,357,248,0.25644866,person
5,00321,301,128,352,250,0.5400683,person
5,00323,302,128,352,247,0.55174583,person
5,00324,301,133,350,248,0.3985459,person
5,00325,301,129,356,256,0.62614405,person
5,00326,303,131,351,254,0.47473428,person
5,00327,302,129,353,255,0.2929726,person
5,00328,302,132,356,254,0.4945494,person
5,00329,302,132,360,259,0.91470814,person
5,00330,304,128,361,262,0.55931205,person
5,00331,301,131,361,263,0.81116873,person
5,00332,302,130,360,266,0.836335,person
5,00333,299,128,367,270,0.83747977,person
5,00334,305,133,367,281,0.81627446,person
5,00335,308,130,368,280,0.73634255,person
5,00336,306,134,368,281,0.8002331,person
5,00337,309,132,367,283,0.6643088,person
5,00338,305,133,377,288,0.79981214,person
5,00339,310,131,375,291,0.75859797,person
5,00340,309,128,374,293,0.70341945,person
5,00341,308,138,371,294,0.8330417,person
5,00342,305,133,370,310,0.81315327,person
5,00343,302,137,378,311,0.7902617,person
5,00344,306,140,382,318,0.7158238,person
5,00345,306,136,377,319,0.60559225,person
5,00346,301,145,376,325,0.64479446,person
5,00347,293,148,378,323,0.70049775,person
5,00348,294,149,379,332,0.5138902,person
5,00349,300,154,381,328,0.65084237,person
5,00350,298,165,378,328,0.31486467,person
5,00351,297,185,375,332,0.648016,person
5,00352,302,210,368,327,0.37668428,person
5,00353,302,219,369,324,0.2581336,dog
5,00354,301,211,370,328,0.4491013,dog
5,00355,299,191,381,337,0.4816093,person
5,00356,300,167,377,333,0.3359203,person
5,00357,300,157,378,333,0.36120003,person
5,00358,300,152,376,329,0.8141213,person
5,00359,277,146,384,331,0.8891999,person
5,00360,276,140,390,328,0.7600873,person
5,00361,291,152,396,332,0.6299069,person
5,00362,305,153,394,334,0.9181324,person
5,00363,306,157,393,336,0.76375794,person
5,00364,305,155,396,336,0.79346824,person
5,00365,316,153,401,341,0.9682708,person
5,00366,326,157,404,346,0.955003,person
5,00367,327,150,408,358,0.4816257,person
5,00368,326,156,408,386,0.5995731,person
5,00369,325,155,412,376,0.41912,person
5,00370,323,156,435,385,0.683971,person
5,00371,336,151,434,393,0.6668058,person
5,00372,343,159,442,401,0.7980369,person
5,00373,341,162,433,420,0.9639091,person
5,00374,344,163,453,419,0.99723816,person
5,00375,350,175,469,439,0.9965138,person
5,00376,369,169,470,445,0.98063827,person
5,00377,376,184,481,464,0.7972164,person
5,00378,374,175,487,479,0.59656256,person
5,00379,387,191,510,475,0.9208151,person
5,00380,411,202,529,481,0.94605744,person
5,00381,419,208,548,483,0.4437802,bird
5,00381,429,192,544,484,0.96373725,person
5,00382,435,217,565,481,0.960948,person
5,00383,438,207,579,481,0.9117989,person
5,00384,455,229,596,481,0.98852473,person
5,00385,477,233,624,480,0.95920616,person
5,00386,492,249,653,478,0.89239126,person
5,00387,506,267,662,480,0.89986026,person
5,00388,522,268,686,480,0.97908634,person
5,00389,541,311,719,480,0.275999,person
5,00390,563,297,719,481,0.48080954,person
6,00107,528,350,715,482,0.30527848,person
6,00109,522,306,719,478,0.7523234,person
6,00110,506,302,717,478,0.72245723,person
6,00111,508,265,704,480,0.96488667,person
6,00112,499,262,692,479,0.9486313,person
6,00113,510,239,663,479,0.95922315,person
6,00114,466,243,679,480,0.96939564,person
6,00115,466,236,667,479,0.8399356,person
6,00116,466,214,638,479,0.93999356,person
6,00117,462,215,634,480,0.9723875,person
6,00118,464,206,635,479,0.92114675,person
6,00119,460,200,630,478,0.928867,person
6,00120,449,200,605,480,0.85418147,person
6,00121,428,184,600,481,0.7081781,person
6,00122,419,196,572,480,0.7156198,person
6,00123,408,191,552,481,0.9773722,person
6,00124,393,180,540,470,0.78226507,person
6,00125,371,172,524,463,0.7603878,person
6,00126,360,167,494,446,0.8647198,person
6,00127,352,172,482,450,0.96188164,person
6,00128,349,167,474,447,0.9875915,person
6,00130,337,166,477,409,0.6141676,person
6,00131,321,160,458,402,0.96781456,person
6,00132,318,155,450,389,0.92067087,person
6,00133,325,153,448,390,0.93367773,person
6,00135,306,155,413,363,0.5906839,person
6,00136,286,140,411,360,0.93776876,person
6,00137,280,143,414,355,0.980856,person
6,00138,289,140,407,352,0.6862002,person
6,00139,284,153,379,344,0.8077636,person
6,00140,266,152,388,343,0.33711794,dog
6,00140,262,148,397,346,0.40494874,person
6,00141,280,153,372,331,0.76593924,person
6,00142,286,156,370,332,0.3625232,dog
6,00143,285,150,369,330,0.40215045,dog
6,00143,287,153,374,338,0.8333334,person
6,00144,274,148,370,320,0.31665707,dog
6,00144,277,148,373,333,0.83972925,person
6,00145,269,155,377,330,0.8988989,person
6,00146,267,151,369,323,0.277249,dog
6,00146,268,155,378,330,0.8276755,person
6,00147,265,158,372,327,0.7850495,person
6,00148,273,152,358,322,0.85323405,person
6,00149,268,154,357,325,0.8146249,person
6,00150,263,156,365,331,0.60821915,person
6,00151,254,183,360,332,0.61323327,person
6,00152,259,199,363,339,0.46685305,bird
6,00153,263,187,373,341,0.49919206,bird
6,00153,261,183,363,336,0.47949815,person
6,00155,271,158,378,328,0.26988438,person
6,00156,284,149,369,319,0.25366974,dog
6,00156,285,158,372,327,0.72810143,person
6,00157,298,140,375,320,0.7099633,person
6,00158,300,133,393,324,0.70547247,person
6,00159,310,142,398,307,0.3485069,person
6,00160,325,133,403,298,0.6916002,person
6,00161,335,137,401,292,0.5803179,person
6,00163,330,137,401,291,0.6133324,person
6,00165,313,125,385,265,0.53529245,person
6,00166,320,129,386,260,0.70868057,person
6,00167,319,127,375,253,0.35122976,person
6,00168,318,126,377,245,0.62513334,person
6,00169,326,121,379,244,0.61946917,person
6,00170,327,132,385,243,0.4562579,person
6,00171,324,125,381,238,0.25024435,person
6,00180,310,120,358,221,0.3478245,person
6,00181,306,120,358,222,0.2529312,person
6,00184,313,123,354,223,0.5086683,person
6,00185,313,121,354,215,0.3087932,person
6,00191,300,121,341,212,0.27578473,person
6,00192,291,117,327,213,0.27713934,person
6,00193,288,116,325,212,0.34649295,person
6,00194,290,117,325,210,0.30152106,person
6,00196,287,117,321,212,0.4939125,person
6,00200,289,104,325,199,0.38599405,person
6,00201,290,108,323,198,0.42069444,person
6,00202,287,109,322,196,0.36912915,person
6,00206,284,103,318,191,0.52333313,person
6,00207,281,108,314,192,0.33159882,person
6,00210,279,100,311,191,0.2630674,person
6,00211,277,103,310,190,0.3474027,person
6,00212,274,102,308,190,0.3017951,person
6,00270,280,94,315,183,0.28407758,person
6,00275,289,103,321,191,0.29497376,person
6,00276,288,102,322,190,0.25261885,person
6,00279,292,101,324,189,0.33435744,person
6,00301,290,117,326,215,0.2688101,person
6,00305,290,117,328,219,0.266635,person
6,00306,287,119,334,215,0.28227806,person
6,00310,290,117,330,222,0.34331235,person
6,00311,288,119,333,218,0.2985632,person
6,00312,289,122,328,223,0.25993267,person
6,00313,285,119,327,224,0.41142073,person
6,00315,293,121,341,223,0.30042273,person
6,00319,299,126,349,246,0.669519,person
6,00320,298,125,353,243,0.34326932,person
6,00321,298,126,353,246,0.7104541,person
6,00322,301,128,351,245,0.7462806,person
6,00323,300,125,351,247,0.67447495,person
6,00324,300,131,351,250,0.7724265,person
6,00325,301,126,354,256,0.77661777,person
6,00326,300,128,353,257,0.82121027,person
6,00327,301,128,352,256,0.85465467,person
6,00328,302,128,356,255,0.881105,person
6,00329,300,134,362,259,0.9155984,person
6,00330,303,127,361,260,0.8449178,person
6,00331,299,131,364,262,0.85280406,person
6,00332,299,128,361,267,0.90702266,person
6,00333,299,127,367,269,0.87088627,person
6,00334,301,132,368,289,0.8836178,person
6,00335,302,125,369,277,0.7603338,person
6,00336,303,132,369,294,0.8027782,person
6,00337,306,132,368,295,0.8000723,person
6,00338,305,129,373,296,0.805576,person
6,00339,308,131,376,299,0.78247327,person
6,00340,307,130,375,304,0.8230228,person
6,00341,308,134,375,303,0.8204955,person
6,00342,303,135,371,311,0.912299,person
6,00343,297,135,376,318,0.728575,person
6,00344,305,140,380,319,0.75895196,person
6,00345,304,133,381,324,0.5311166,person
6,00346,299,137,375,325,0.69589525,person
6,00347,294,138,374,327,0.6998303,person
6,00348,291,137,377,326,0.7728895,person
6,00349,294,150,380,331,0.52168417,person
6,00350,294,161,378,329,0.6930454,person
6,00351,299,170,371,324,0.50987643,person
6,00352,303,206,369,326,0.6000103,person
6,00355,303,196,377,338,0.5311601,person
6,00356,299,169,376,334,0.36047566,person
6,00357,303,150,376,334,0.364884,person
6,00358,301,151,376,331,0.6430037,person
6,00359,285,142,382,331,0.8976148,person
6,00360,280,140,403,342,0.7400572,person
6,00361,294,147,399,334,0.7071232,person
6,00362,301,153,394,335,0.8489406,person
6,00363,308,152,391,337,0.86471945,person
6,00364,292,103,417,182,0.25806782,chair
6,00364,304,151,394,339,0.8093575,person
6,00365,313,157,401,338,0.9634644,person
6,00366,315,134,403,358,0.39195645,dog
6,00366,324,152,404,354,0.9402883,person
6,00368,327,155,409,373,0.5687185,person
6,00369,319,131,414,366,0.46251324,person
6,00370,320,150,440,381,0.9050955,person
6,00371,329,152,439,395,0.6901175,person
6,00372,337,153,443,392,0.7985854,person
6,00373,336,161,431,431,0.97433734,person
6,00374,341,158,442,427,0.9788696,person
6,00375,343,172,469,440,0.9979849,person
6,00376,361,166,473,451,0.9789048,person
6,00377,362,174,478,457,0.91478246,person
6,00378,360,176,481,484,0.48183024,person
6,00379,381,181,504,480,0.9199493,person
6,00380,402,195,525,481,0.9845583,person
6,00381,422,193,549,478,0.6596461,bird
6,00382,433,215,564,480,0.9615959,person
6,00383,431,206,577,479,0.902786,person
6,00384,443,223,591,482,0.96347195,person
6,00385,467,231,621,481,0.8859919,person
6,00386,495,240,648,480,0.6547084,person
6,00387,505,266,663,481,0.88219696,person
6,00388,524,265,694,478,0.9744622,person
6,00389,534,308,714,482,0.63574487,person
6,00390,560,305,720,482,0.40561023,person
