2,00166,266,104,309,202,0.849986,person
2,00175,280,109,320,213,0.6260202,person
2,00176,282,105,318,218,0.83318657,person
2,00177,282,105,318,218,0.75894755,person
2,00179,275,106,319,220,0.9286636,person
2,00181,282,115,321,223,0.86770827,person
2,00182,282,115,320,225,0.88124007,person
2,00184,277,113,321,227,0.71597356,person
2,00185,279,108,322,231,0.83354604,person
2,00187,275,110,318,234,0.8839032,person
2,00188,276,115,316,235,0.9082781,person
2,00189,266,113,312,233,0.92660815,person
2,00190,267,107,318,237,0.9657912,person
2,00192,271,115,314,234,0.96038884,person
2,00193,270,116,312,236,0.8965415,person
2,00194,265,117,316,238,0.9481893,person
2,00195,268,106,317,241,0.9882512,person
2,00196,262,109,328,247,0.98594403,person
2,00197,266,111,329,247,0.9783989,person
2,00198,269,109,329,249,0.98830664,person
2,00199,268,112,326,250,0.9213797,person
2,00200,276,107,320,250,0.98305225,person
2,00201,272,109,328,253,0.97107255,person
2,00202,279,111,335,252,0.97742826,person
2,00203,280,109,336,253,0.99019134,person
2,00204,277,116,337,257,0.99067885,person
2,00205,271,113,331,266,0.9856834,person
2,00206,278,116,336,258,0.9551732,person
2,00207,278,118,336,262,0.9958535,person
2,00208,277,115,336,258,0.9979068,person
2,00209,280,117,334,263,0.998134,person
2,00210,268,118,329,271,0.9967305,person
2,00211,262,137,333,276,0.7490932,person
2,00212,276,115,338,277,0.9976396,person
2,00213,278,116,337,277,0.99822503,person
2,00214,279,120,341,276,0.9987733,person
2,00215,277,118,340,279,0.9932681,person
2,00216,280,114,337,279,0.997696,person
2,00217,283,120,337,280,0.9965984,person
2,00218,286,123,349,293,0.99578154,person
2,00219,282,111,354,286,0.99916166,person
2,00221,272,119,353,296,0.9992014,person
2,00222,274,118,356,300,0.99822634,person
2,00223,275,126,358,302,0.9981099,person
2,00224,281,117,351,311,0.9977753,person
2,00225,279,121,354,312,0.9983207,person
2,00226,275,129,355,319,0.9979842,person
2,00227,273,123,359,313,0.9983662,person
2,00228,279,126,362,322,0.99883115,person
2,00229,287,122,365,327,0.9990096,person
2,00230,286,121,370,329,0.999399,person
2,00231,272,116,417,345,0.60024446,person
2,00231,286,128,387,337,0.99975556,person
2,00232,290,124,383,335,0.9988839,person
2,00233,295,137,362,333,0.81889427,person
2,00234,305,134,382,333,0.996207,person
2,00235,276,111,424,345,0.84960556,person
2,00235,302,128,402,336,0.99892265,person
2,00236,276,119,427,356,0.904638,person
2,00236,299,125,401,346,0.998466,person
2,00237,276,118,420,359,0.75247276,person
2,00237,297,122,396,350,0.996473,person
2,00238,274,107,419,358,0.850838,person
2,00238,297,115,399,355,0.99911314,person
2,00239,286,121,427,363,0.9694371,person
2,00239,301,131,410,363,0.9989023,person
2,00240,287,120,424,369,0.94270617,person
2,00240,310,120,415,375,0.9985673,person
2,00241,287,123,422,373,0.94771284,person
2,00241,310,123,415,377,0.99909264,person
2,00242,262,147,418,390,0.76949996,person
2,00242,318,161,415,374,0.60895264,person
2,00243,269,134,416,399,0.86288416,person
2,00243,317,158,423,379,0.9777052,person
2,00244,272,145,417,393,0.99426377,person
2,00244,312,149,423,393,0.9794125,person
2,00245,297,140,433,408,0.9996864,person
2,00245,308,133,427,411,0.9995773,person
2,00246,286,141,421,404,0.9935436,person
2,00246,307,141,418,403,0.9947503,person
2,00247,288,151,422,413,0.9918229,person
2,00247,304,147,409,419,0.99910975,person
2,00248,288,144,422,423,0.99893016,person
2,00248,305,135,421,434,0.99749213,person
2,00249,284,143,433,432,0.9992389,person
2,00249,302,150,427,426,0.9083952,person
2,00250,283,151,440,451,0.99963605,person
2,00251,281,152,434,449,0.99912703,person
2,00252,281,156,439,461,0.9996445,person
2,00253,283,153,449,462,0.9976772,person
2,00254,288,158,441,463,0.99935585,person
2,00255,301,164,447,476,0.99956566,person
2,00255,316,183,437,461,0.6496101,person
2,00256,315,169,477,468,0.9996631,person
2,00257,321,173,484,469,0.9994599,person
2,00258,321,171,482,474,0.9988005,person
2,00259,319,173,469,473,0.9994524,person
2,00260,322,181,479,471,0.9996202,person
2,00261,329,176,511,473,0.997802,person
2,00262,330,176,532,472,0.99800235,person
2,00263,327,193,533,478,0.99496657,person
2,00264,326,183,535,472,0.99201655,person
2,00265,316,196,548,479,0.9952657,person
2,00266,333,226,573,480,0.9988647,person
2,00267,340,212,576,480,0.9962969,person
2,00268,332,236,600,478,0.99476165,person
2,00269,333,249,608,472,0.9972257,person
2,00270,341,248,621,478,0.9935561,person
2,00271,369,275,646,474,0.96461225,person
2,00272,393,273,671,478,0.98316604,person
2,00273,423,288,700,474,0.9806296,person
2,00274,435,314,703,474,0.9366852,person
2,00275,451,301,703,473,0.8753673,person
3,00145,261,99,300,183,0.5619446,person
3,00148,262,96,302,184,0.7834344,person
3,00149,263,93,302,187,0.9482939,person
3,00159,267,100,306,199,0.9573173,person
3,00160,268,95,309,192,0.86215454,person
3,00161,264,107,308,203,0.7009303,person
3,00162,268,102,306,204,0.9652894,person
3,00163,267,94,301,207,0.69968504,person
3,00164,267,103,308,206,0.9731478,person
3,00165,269,100,313,204,0.97981787,person
3,00166,270,106,310,207,0.9181439,person
3,00167,268,106,310,208,0.9492454,person
3,00168,271,102,307,208,0.9044026,person
3,00169,272,108,311,207,0.8918472,person
3,00174,281,103,320,217,0.98175585,person
3,00175,281,105,321,216,0.9902033,person
3,00176,280,104,321,220,0.99025345,person
3,00177,277,102,316,221,0.8205882,person
3,00178,275,104,319,219,0.97962326,person
3,00179,277,107,319,219,0.9746978,person
3,00180,280,103,321,222,0.98753995,person
3,00181,281,99,322,225,0.7639873,person
3,00182,277,101,322,225,0.9437201,person
3,00183,278,100,319,226,0.9106777,person
3,00184,279,98,320,227,0.9294321,person
3,00185,277,110,325,229,0.8923768,person
3,00186,280,105,319,237,0.94235045,person
3,00187,274,112,317,233,0.9515381,person
3,00188,269,108,315,234,0.9885495,person
3,00189,269,110,317,234,0.7429065,person
3,00190,270,111,319,234,0.98838466,person
3,00191,270,106,315,233,0.99653417,person
3,00192,270,111,313,238,0.99127823,person
3,00193,267,109,316,239,0.9910421,person
3,00194,269,105,317,241,0.9930742,person
3,00195,270,108,321,243,0.9946301,person
3,00196,265,108,328,244,0.99607956,person
3,00197,268,109,327,247,0.9956763,person
3,00198,267,112,326,250,0.99317104,person
3,00199,268,109,326,250,0.9951787,person
3,00200,270,111,327,253,0.99646544,person
3,00201,277,111,336,253,0.9977951,person
3,00202,278,109,338,252,0.99770653,person
3,00203,276,118,337,254,0.99341774,person
3,00204,276,116,337,260,0.99773306,person
3,00205,272,114,329,258,0.99249405,person
3,00206,278,118,336,259,0.9955783,person
3,00207,278,114,336,258,0.99761254,person
3,00208,279,117,335,259,0.99894905,person
3,00209,267,118,331,266,0.99797213,person
3,00210,256,122,332,270,0.7166098,elephant
3,00211,277,117,337,275,0.9990107,person
3,00212,279,116,339,275,0.9991386,person
3,00213,280,117,340,275,0.9993665,person
3,00214,277,119,342,279,0.9980056,person
3,00215,277,114,338,280,0.999336,person
3,00216,282,118,337,282,0.9988525,person
3,00217,286,122,349,290,0.99743897,person
3,00218,283,113,357,285,0.99875885,person
3,00219,199,73,379,200,0.5341866,umbrella
3,00219,277,140,349,289,0.8432306,person
3,00220,273,121,353,291,0.9992694,person
3,00221,271,116,358,298,0.9988742,person
3,00222,272,122,362,300,0.999053,person
3,00223,277,119,355,305,0.998744,person
3,00224,278,119,354,313,0.99914086,person
3,00225,276,127,356,308,0.99791574,person
3,00226,273,124,358,310,0.99927604,person
3,00227,276,126,363,311,0.99799955,person
3,00228,289,124,363,324,0.9991085,person
3,00229,287,120,368,327,0.9987269,person
3,00230,288,123,388,336,0.99968535,person
3,00231,288,124,384,336,0.99953073,person
3,00232,299,125,372,338,0.99749905,person
3,00233,304,130,380,337,0.9984854,person
3,00234,305,122,399,340,0.99944204,person
3,00235,279,111,423,357,0.9478324,person
3,00235,301,118,401,353,0.9993036,person
3,00236,276,115,420,359,0.58322513,person
3,00236,299,120,395,352,0.99728304,person
3,00237,278,108,422,355,0.64743227,person
3,00237,299,121,399,348,0.9991705,person
3,00238,280,117,423,363,0.9649501,person
3,00238,299,127,409,365,0.9991519,person
3,00239,286,120,425,369,0.9886919,person
3,00239,305,121,418,371,0.9980018,person
3,00240,285,120,422,368,0.98345494,person
3,00240,310,121,413,375,0.99899125,person
3,00241,316,153,416,380,0.9008504,person
3,00242,273,133,418,397,0.75050735,person
3,00242,317,154,421,380,0.9816587,person
3,00244,296,135,433,404,0.99976975,person
3,00244,308,133,428,404,0.9995824,person
3,00245,289,134,422,405,0.9954694,person
3,00245,307,133,419,408,0.99733496,person
3,00246,287,142,421,415,0.9980742,person
3,00246,303,146,411,419,0.99894536,person
3,00247,288,143,420,424,0.9972935,person
3,00247,300,153,411,418,0.9964576,person
3,00248,284,141,431,434,0.9994578,person
3,00248,304,132,425,441,0.5897216,person
3,00249,284,151,442,449,0.99966025,person
3,00250,285,150,433,449,0.9993343,person
3,00250,317,172,326,185,0.64015263,cell phone
3,00251,281,154,438,457,0.9997913,person
3,00252,282,154,447,461,0.99935144,person
3,00253,287,151,440,467,0.9990245,person
3,00254,298,160,438,471,0.99942416,person
3,00254,310,164,432,477,0.9508799,person
3,00255,313,167,472,471,0.9997367,person
3,00256,316,170,487,464,0.99895704,person
3,00257,322,176,487,473,0.9984884,person
3,00258,319,170,466,471,0.9990841,person
3,00259,318,174,472,476,0.99754846,person
3,00260,327,174,506,477,0.9929866,person
3,00261,328,176,533,467,0.99108833,person
3,00262,323,181,533,472,0.9868183,person
3,00263,325,188,534,468,0.9935687,person
3,00264,317,188,545,468,0.99742407,person
3,00265,334,222,569,477,0.99647826,person
3,00266,339,211,574,480,0.9932883,person
3,00267,337,222,592,481,0.9895134,person
3,00268,331,246,614,474,0.993102,person
3,00269,341,242,621,475,0.9881414,person
3,00270,345,269,635,477,0.97182906,person
3,00271,391,274,677,478,0.97737205,person
3,00272,423,279,698,477,0.9617304,person
3,00273,436,312,699,474,0.9611023,person
3,00274,446,303,710,474,0.90845376,person
3,00275,512,325,715,475,0.88834494,person
4,00116,246,97,283,165,0.7153509,person
4,00117,255,100,276,168,0.6745388,person
4,00119,255,97,287,169,0.8119778,person
4,00119,257,101,282,165,0.69254434,person
4,00122,261,100,298,169,0.61102873,person
4,00126,262,97,302,175,0.744773,person
4,00136,262,100,301,177,0.5796889,person
4,00137,264,95,302,178,0.8371428,person
4,00141,263,97,305,179,0.81781,person
4,00142,262,98,308,177,0.71311665,person
4,00143,264,96,308,183,0.94544387,person
4,00145,262,98,301,185,0.96598464,person
4,00146,259,95,303,184,0.96523654,person
4,00147,260,93,304,188,0.9506197,person
4,00148,263,95,301,187,0.96653336,person
4,00149,263,95,302,186,0.9656672,person
4,00150,265,95,307,210,0.842711,person
4,00151,264,97,308,186,0.930178,person
4,00152,264,97,309,187,0.97732866,person
4,00153,267,96,304,191,0.8751981,person
4,00154,265,95,308,188,0.95656174,person
4,00155,267,100,308,187,0.958425,person
4,00156,263,100,304,187,0.87271297,person
4,00159,267,97,307,192,0.95947546,person
4,00160,266,93,310,196,0.9794079,person
4,00161,267,104,311,203,0.9610161,person
4,00162,264,103,306,200,0.97046775,person
4,00163,265,99,302,210,0.97260946,person
4,00164,267,104,306,203,0.9833367,person
4,00165,267,99,311,210,0.98850304,person
4,00166,270,105,312,204,0.991714,person
4,00167,267,106,311,205,0.9899116,person
4,00168,269,100,308,207,0.9862209,person
4,00169,272,105,312,211,0.9576084,person
4,00170,270,129,316,209,0.5339315,person
4,00174,280,102,322,220,0.98276645,person
4,00175,281,104,322,215,0.99598664,person
4,00176,279,102,318,221,0.9954906,person
4,00177,277,106,319,220,0.99495536,person
4,00178,274,105,321,218,0.9949607,person
4,00179,276,104,319,221,0.9927199,person
4,00180,279,104,321,221,0.9963007,person
4,00181,282,101,322,224,0.9578611,person
4,00182,278,101,324,226,0.9898665,person
4,00183,277,104,323,230,0.9933343,person
4,00184,280,100,320,228,0.9843235,person
4,00185,277,102,325,233,0.98292905,person
4,00186,277,100,321,236,0.9937882,person
4,00187,274,102,318,236,0.99581724,person
4,00188,267,102,315,235,0.9916118,person
4,00189,266,105,317,232,0.9939231,person
4,00190,270,108,322,233,0.9951263,person
4,00191,270,108,316,236,0.99826556,person
4,00192,268,105,315,238,0.99686533,person
4,00193,267,107,315,236,0.99520326,person
4,00194,266,103,317,240,0.99491644,person
4,00195,270,108,319,241,0.997607,person
4,00196,269,110,327,245,0.9966405,person
4,00197,266,106,327,247,0.99893796,person
4,00198,270,111,326,250,0.997506,person
4,00199,270,109,326,249,0.9969387,person
4,00200,271,109,326,252,0.99735725,person
4,00201,277,112,337,251,0.99793476,person
4,00202,279,111,338,252,0.9993089,person
4,00203,279,114,337,252,0.9984371,person
4,00204,277,119,336,255,0.99569076,person
4,00205,273,115,329,256,0.9963597,person
4,00206,272,118,330,258,0.9975164,person
4,00207,278,113,335,258,0.99887633,person
4,00208,276,114,337,260,0.9984865,person
4,00209,267,118,331,264,0.9990568,person
4,00210,260,117,331,265,0.9906757,person
4,00211,276,116,337,273,0.99928606,person
4,00212,278,116,337,275,0.9994687,person
4,00213,278,116,340,273,0.99936223,person
4,00214,279,116,343,280,0.99850076,person
4,00215,278,115,342,277,0.9994978,person
4,00216,281,117,337,281,0.9993046,person
4,00217,286,119,346,281,0.99791396,person
4,00218,284,111,352,284,0.9988052,person
4,00219,275,134,351,288,0.94905734,person
4,00220,269,123,354,291,0.998614,person
4,00221,272,117,353,294,0.9991587,person
4,00222,270,122,363,300,0.99915093,person
4,00223,277,120,355,301,0.99917823,person
4,00224,277,121,355,308,0.9990648,person
4,00225,272,127,356,318,0.9987793,person
4,00226,272,124,359,308,0.99831724,person
4,00227,275,124,363,310,0.9988035,person
4,00228,287,127,365,318,0.9984406,person
4,00229,286,122,370,324,0.99852115,person
4,00230,289,120,381,334,0.99958724,person
4,00231,287,121,384,334,0.9996697,person
4,00232,297,119,375,342,0.998243,person
4,00233,304,128,378,340,0.99864215,person
4,00234,304,116,396,344,0.99925166,person
4,00235,282,111,420,355,0.9751459,person
4,00235,300,116,400,353,0.999518,person
4,00236,276,114,419,360,0.8110469,person
4,00236,296,115,396,356,0.99763715,person
4,00237,279,110,422,358,0.56388617,person
4,00237,300,113,396,357,0.9990183,person
4,00238,280,118,423,360,0.94741803,person
4,00238,302,121,405,367,0.9991042,person
4,00239,285,122,423,369,0.96452266,person
4,00239,306,123,418,373,0.9971534,person
4,00240,287,121,424,372,0.98999614,person
4,00240,305,111,408,387,0.99887574,person
4,00241,285,132,422,396,0.9055893,person
4,00241,312,134,416,389,0.99334383,person
4,00242,250,136,405,396,0.5120238,cat
4,00243,255,109,434,385,0.5035267,dog
4,00243,248,130,409,400,0.51924086,cat
4,00244,296,136,434,401,0.99952763,person
4,00244,307,124,428,415,0.99915725,person
4,00245,291,129,424,403,0.9965137,person
4,00245,307,128,419,405,0.9987818,person
4,00246,292,149,425,417,0.9955049,person
4,00246,309,150,417,420,0.99853134,person
4,00247,288,147,420,423,0.9943784,person
4,00247,301,147,408,424,0.99740887,person
4,00248,289,140,429,428,0.9989692,person
4,00248,296,139,415,431,0.9388642,person
4,00249,285,146,436,451,0.99942815,person
4,00250,285,141,435,438,0.9978017,person
4,00251,285,146,431,460,0.99935603,person
4,00251,294,160,411,450,0.51251423,person
4,00252,281,153,440,464,0.998386,person
4,00253,284,145,436,468,0.9984117,person
4,00254,295,160,435,471,0.99531496,person
4,00254,309,160,428,482,0.898484,person
4,00255,303,164,457,479,0.990633,person
4,00256,317,165,481,469,0.99305016,person
4,00257,320,176,484,476,0.9957118,person
4,00258,318,173,468,473,0.9811201,person
4,00259,319,177,466,468,0.9894019,person
4,00260,324,176,503,476,0.9906354,person
4,00261,325,173,535,469,0.98634297,person
4,00262,325,179,530,472,0.98439115,person
4,00263,328,195,535,481,0.9840859,person
4,00264,322,185,540,471,0.9873764,person
4,00264,297,112,413,167,0.6476238,car
4,00265,331,217,570,476,0.9926156,person
4,00266,337,215,575,477,0.9917711,person
4,00267,335,221,590,479,0.98319,person
4,00268,330,245,607,478,0.9875669,person
4,00269,346,239,617,476,0.98629457,person
4,00270,348,266,631,477,0.9380491,person
4,00271,390,274,674,479,0.97413373,person
4,00272,397,270,691,481,0.96290094,person
4,00273,436,306,700,474,0.913205,person
4,00274,442,304,709,474,0.7466308,person
4,00275,491,324,710,475,0.90675443,person
4,00277,635,357,714,477,0.6401524,person
5,00109,203,93,244,161,0.5644182,person
5,00110,209,94,251,156,0.7172345,person
5,00116,249,98,282,167,0.5207145,person
5,00116,249,98,272,168,0.70491916,person
5,00117,251,98,283,167,0.86485225,person
5,00117,256,95,276,174,0.8729883,person
5,00120,255,94,288,173,0.85173625,person
5,00120,257,97,282,166,0.54893064,person
5,00121,257,94,287,171,0.86240256,person
5,00121,260,92,282,173,0.7635199,person
5,00122,258,96,300,177,0.6698469,person
5,00123,260,97,301,174,0.9302262,person
5,00124,260,96,303,176,0.5339639,person
5,00125,261,95,299,170,0.81180835,person
5,00126,261,94,304,177,0.94778806,person
5,00128,264,100,306,177,0.80422074,person
5,00129,264,98,306,174,0.53776634,person
5,00136,259,95,302,178,0.96439207,person
5,00137,262,95,304,178,0.941513,person
5,00138,264,103,299,179,0.95319974,person
5,00138,270,105,292,180,0.52141196,person
5,00139,264,99,308,180,0.7551482,person
5,00141,260,96,305,179,0.90495205,person
5,00142,261,96,306,180,0.9151539,person
5,00143,262,96,310,181,0.9493982,person
5,00144,260,94,308,181,0.9510115,person
5,00145,260,97,305,182,0.9844944,person
5,00146,258,96,306,183,0.9866501,person
5,00147,259,94,303,184,0.9820582,person
5,00148,261,94,303,187,0.9706219,person
5,00149,261,94,307,185,0.99309236,person
5,00150,263,97,309,187,0.9798796,person
5,00151,262,97,308,184,0.9881807,person
5,00152,263,95,310,190,0.9631787,person
5,00153,265,97,307,207,0.9157305,person
5,00154,265,96,309,189,0.97243077,person
5,00155,264,96,310,190,0.98566186,person
5,00156,263,96,309,190,0.9671421,person
5,00157,264,95,304,191,0.95216024,person
5,00158,264,94,300,194,0.7792567,person
5,00159,265,101,307,199,0.9899602,person
5,00160,265,93,309,197,0.9835473,person
5,00161,265,103,309,200,0.9846905,person
5,00162,264,103,309,199,0.99523175,person
5,00163,264,95,304,205,0.9953681,person
5,00164,266,102,305,201,0.99673635,person
5,00165,264,101,311,200,0.9969428,person
5,00166,265,104,312,202,0.99578756,person
5,00167,267,104,310,208,0.9937093,person
5,00168,270,102,310,208,0.994618,person
5,00169,271,103,312,211,0.995491,person
5,00170,272,105,318,211,0.9803549,person
5,00171,265,114,314,203,0.50269645,person
5,00174,276,104,321,216,0.9953534,person
5,00175,280,104,323,217,0.9979524,person
5,00176,278,104,319,217,0.99768174,person
5,00177,276,105,319,220,0.9963441,person
5,00178,273,106,321,215,0.9963078,person
5,00179,275,107,318,217,0.99611974,person
5,00180,279,106,320,219,0.9978256,person
5,00181,279,101,324,224,0.9930195,person
5,00182,279,103,324,225,0.9852207,person
5,00183,276,104,324,229,0.9954855,person
5,00184,277,101,320,227,0.99591285,person
5,00185,277,104,325,232,0.94290394,person
5,00186,276,100,323,234,0.9945611,person
5,00187,274,101,319,234,0.99811965,person
5,00188,270,102,316,236,0.9978801,person
5,00189,266,101,318,234,0.99459547,person
5,00190,268,107,321,233,0.9967514,person
5,00191,269,106,318,234,0.9977388,person
5,00192,268,103,315,236,0.99820846,person
5,00193,266,106,316,238,0.9967855,person
5,00194,261,106,324,237,0.99584335,person
5,00195,263,106,324,241,0.9969435,person
5,00196,268,110,328,245,0.99688417,person
5,00197,266,108,327,246,0.9989047,person
5,00198,268,112,327,248,0.9993338,person
5,00199,267,108,325,250,0.99855876,person
5,00200,271,106,324,253,0.9987489,person
5,00201,273,112,328,251,0.9980014,person
5,00202,279,108,335,253,0.9991912,person
5,00203,278,113,335,250,0.9990275,person
5,00204,278,117,335,255,0.9963476,person
5,00205,273,109,328,254,0.9975424,person
5,00206,271,117,328,257,0.99911267,person
5,00207,278,116,336,258,0.99880964,person
5,00208,267,114,335,259,0.9993906,person
5,00209,267,117,331,261,0.9995746,person
5,00210,262,113,330,265,0.9988747,person
5,00211,268,117,332,267,0.9993138,person
5,00212,279,114,337,277,0.999706,person
5,00213,278,116,338,274,0.9995017,person
5,00214,277,115,340,279,0.9993738,person
5,00215,278,115,340,277,0.9996028,person
5,00216,280,116,338,280,0.99921036,person
5,00217,283,119,342,281,0.9979573,person
5,00218,284,112,354,285,0.9990543,person
5,00219,272,131,350,286,0.93990856,person
5,00220,266,124,357,292,0.9985434,person
5,00221,269,114,351,294,0.9990327,person
5,00222,267,120,365,298,0.99948776,person
5,00223,275,124,354,298,0.99933404,person
5,00224,275,119,353,304,0.9996435,person
5,00225,274,123,353,312,0.9990687,person
5,00226,269,123,360,308,0.9987472,person
5,00227,275,125,364,309,0.998785,person
5,00228,287,126,365,320,0.9980575,person
5,00229,287,122,366,323,0.9976695,person
5,00230,288,115,381,335,0.99960995,person
5,00231,288,118,384,339,0.9994502,person
5,00232,293,114,379,345,0.999343,person
5,00233,302,121,376,348,0.9992515,person
5,00234,302,114,396,347,0.9992652,person
5,00235,279,110,422,351,0.9547042,person
5,00235,299,113,400,356,0.99971217,person
5,00236,278,115,421,359,0.95761293,person
5,00236,297,121,399,353,0.9983765,person
5,00237,275,111,429,354,0.6855373,person
5,00237,298,113,395,354,0.99773246,person
5,00238,280,112,425,363,0.96705097,person
5,00238,301,116,403,369,0.9978837,person
5,00239,285,119,427,372,0.9415763,person
5,00239,304,113,407,383,0.9965746,person
5,00240,286,116,424,374,0.9801196,person
5,00240,305,110,408,386,0.9980114,person
5,00241,283,118,423,380,0.9635278,person
5,00241,303,118,408,388,0.9960909,person
5,00243,243,123,412,404,0.55643356,dog
5,00244,295,129,435,402,0.9983675,person
5,00244,307,116,428,415,0.9953367,person
5,00245,296,129,431,407,0.991841,person
5,00245,309,114,422,421,0.99800396,person
5,00246,291,140,426,420,0.9910245,person
5,00246,309,144,418,419,0.9962734,person
5,00247,288,143,424,425,0.9741158,person
5,00247,299,141,414,428,0.99151415,person
5,00248,287,134,426,426,0.99843794,person
5,00248,296,137,414,429,0.97363985,person
5,00249,283,136,443,441,0.99762994,person
5,00250,286,132,437,443,0.9965536,person
5,00251,282,139,434,460,0.9978733,person
5,00252,280,148,441,465,0.99847597,person
5,00253,282,146,442,469,0.9968883,person
5,00254,293,160,438,469,0.9616917,person
5,00254,310,157,432,483,0.56090105,person
5,00255,306,168,451,473,0.97902274,person
5,00256,316,160,478,467,0.96395814,person
5,00257,318,169,481,474,0.9903702,person
5,00258,316,167,470,470,0.9449377,person
5,00259,316,172,469,471,0.9260088,person
5,00260,324,177,497,474,0.9870803,person
5,00261,331,173,529,473,0.7402328,person
5,00262,323,174,532,471,0.9846762,person
5,00263,326,184,533,471,0.98103756,person
5,00264,324,183,540,472,0.97948873,person
5,00265,325,215,576,476,0.9923531,person
5,00266,336,218,580,479,0.99404246,person
5,00267,336,215,588,477,0.99204636,person
5,00268,331,243,603,479,0.9698768,person
5,00269,343,242,611,476,0.98910767,person
5,00270,354,252,620,477,0.93367124,person
5,00271,386,283,667,476,0.9812795,person
5,00272,397,275,690,479,0.9663618,person
5,00273,432,300,703,474,0.9406745,person
5,00274,468,317,679,468,0.7338468,person
5,00275,455,302,711,471,0.6494625,person
5,00277,631,351,713,476,0.77303976,person
6,00109,202,94,243,159,0.80516464,person
6,00110,209,95,246,159,0.9026667,person
6,00111,216,94,253,159,0.8619364,person
6,00112,222,91,257,162,0.9602515,person
6,00116,247,95,278,168,0.92252654,person
6,00116,248,96,272,168,0.94527125,person
6,00117,249,96,280,168,0.9215924,person
6,00117,255,94,275,172,0.88099885,person
6,00118,252,94,286,167,0.9027008,person
6,00119,252,97,287,171,0.75907034,person
6,00119,257,99,282,165,0.5033082,person
6,00120,254,94,288,170,0.9448143,person
6,00121,257,94,286,171,0.96600723,person
6,00121,261,89,282,177,0.862648,person
6,00122,259,96,299,172,0.9121092,person
6,00123,261,95,302,174,0.9625266,person
6,00124,260,94,301,173,0.937852,person
6,00125,260,96,301,174,0.89189464,person
6,00126,261,96,302,175,0.96924406,person
6,00127,262,98,308,176,0.95903504,person
6,00128,265,100,305,178,0.9540608,person
6,00129,263,95,302,174,0.88561535,person
6,00131,262,98,304,176,0.6876012,person
6,00132,260,98,305,176,0.5661293,person
6,00134,259,103,304,178,0.6445941,person
6,00136,259,98,300,177,0.9572627,person
6,00137,263,97,304,178,0.938828,person
6,00138,264,99,301,181,0.97848356,person
6,00139,263,95,307,180,0.98360777,person
6,00140,261,96,310,181,0.92348737,person
6,00141,262,97,307,181,0.9708563,person
6,00142,261,95,308,182,0.9802268,person
6,00143,262,96,311,182,0.9771521,person
6,00144,262,93,306,182,0.98630404,person
6,00145,261,96,304,181,0.98261476,person
6,00146,258,96,304,183,0.99143076,person
6,00147,257,95,305,185,0.99221176,person
6,00148,259,95,302,186,0.99050885,person
6,00149,261,97,307,184,0.99341446,person
6,00150,263,97,308,182,0.9834166,person
6,00151,260,98,311,183,0.98381716,person
6,00152,262,95,311,187,0.99064165,person
6,00153,264,98,307,187,0.9820852,person
6,00154,265,97,308,189,0.9941255,person
6,00155,265,94,310,191,0.99258906,person
6,00156,263,97,309,189,0.98506,person
6,00157,263,95,306,193,0.98761433,person
6,00158,263,96,303,191,0.9713448,person
6,00159,266,96,306,193,0.9874444,person
6,00160,265,93,309,195,0.9959819,person
6,00161,265,96,309,194,0.9947876,person
6,00162,263,102,308,200,0.99710035,person
6,00163,263,96,304,202,0.99671584,person
6,00164,264,101,305,201,0.99391276,person
6,00165,263,100,311,199,0.9984093,person
6,00166,261,102,312,199,0.9978844,person
6,00167,265,104,311,203,0.9972256,person
6,00168,268,104,310,204,0.9971907,person
6,00169,271,104,310,207,0.9976965,person
6,00170,273,104,318,210,0.9967435,person
6,00171,268,108,317,209,0.5980049,person
6,00174,275,104,321,213,0.9963299,person
6,00175,278,106,323,216,0.9987637,person
6,00176,279,105,322,217,0.99844724,person
6,00177,277,108,319,218,0.9983927,person
6,00178,274,105,322,216,0.997469,person
6,00179,272,107,320,217,0.99745184,person
6,00180,277,107,320,219,0.9983934,person
6,00181,279,105,325,221,0.9985896,person
6,00182,278,102,325,225,0.99182534,person
6,00183,276,104,322,223,0.9942338,person
6,00184,277,101,319,227,0.9937503,person
6,00185,276,104,323,232,0.99286956,person
6,00186,276,99,323,234,0.9972326,person
6,00187,274,100,322,236,0.99833846,person
6,00188,271,104,318,234,0.9979015,person
6,00189,260,105,321,230,0.99666995,person
6,00190,262,106,323,231,0.99284846,person
6,00191,270,107,319,235,0.9987559,person
6,00192,268,100,315,239,0.99860126,person
6,00193,267,104,317,237,0.9963955,person
6,00194,262,108,323,236,0.9979186,person
6,00195,261,106,322,237,0.9971217,person
6,00196,267,112,328,244,0.9987353,person
6,00197,269,106,327,245,0.9991692,person
6,00198,267,112,326,246,0.9993719,person
6,00199,267,110,326,248,0.99934083,person
6,00200,270,108,324,250,0.99847096,person
6,00201,273,112,329,252,0.9984336,person
6,00202,279,110,334,254,0.99947953,person
6,00203,279,111,335,253,0.9994631,person
6,00204,277,117,334,254,0.99902105,person
6,00205,272,111,330,253,0.9979954,person
6,00206,271,116,328,258,0.99863046,person
6,00207,268,115,331,258,0.9992575,person
6,00208,267,112,333,262,0.999463,person
6,00209,268,117,330,262,0.9995747,person
6,00210,265,113,330,263,0.9995664,person
6,00211,269,110,332,267,0.99917024,person
6,00212,278,114,336,271,0.99948907,person
6,00213,279,112,337,271,0.9995177,person
6,00214,277,115,340,272,0.999592,person
6,00215,277,114,341,277,0.99956805,person
6,00216,280,114,338,278,0.9997025,person
6,00217,281,116,340,282,0.99922204,person
6,00218,282,114,352,283,0.9981532,person
6,00219,269,111,358,287,0.99675906,person
6,00220,266,119,355,295,0.99802047,person
6,00221,271,114,349,293,0.99851656,person
6,00222,268,117,363,296,0.99931794,person
6,00223,276,123,355,303,0.99961567,person
6,00224,274,117,353,306,0.999698,person
6,00225,276,124,356,309,0.99956936,person
6,00226,274,122,356,310,0.99880886,person
6,00227,276,117,364,313,0.9984845,person
6,00228,285,122,364,315,0.9974773,person
6,00229,288,123,368,315,0.9983883,person
6,00230,289,115,381,334,0.9990715,person
6,00231,288,113,384,341,0.99938685,person
6,00232,290,114,381,337,0.9989049,person
6,00233,300,118,374,346,0.9986585,person
6,00234,301,115,392,347,0.9990296,person
6,00235,284,112,424,343,0.9695344,person
6,00235,298,116,403,348,0.99956536,person
6,00236,283,111,421,356,0.97250885,person
6,00236,297,121,402,362,0.99860424,person
6,00237,277,109,425,357,0.80873454,person
6,00237,296,117,395,355,0.99594426,person
6,00238,281,109,422,358,0.9491388,person
6,00238,299,112,403,362,0.99693024,person
6,00239,287,119,426,369,0.976906,person
6,00239,300,111,411,381,0.9968512,person
6,00240,289,112,424,373,0.96767604,person
6,00240,309,114,417,378,0.99670744,person
6,00241,286,113,423,377,0.9109566,person
6,00241,310,117,416,379,0.9919673,person
6,00243,278,132,430,397,0.97323143,person
6,00243,306,123,421,407,0.8984701,person
6,00244,296,128,435,397,0.996277,person
6,00244,309,111,427,417,0.97567606,person
6,00245,297,129,432,407,0.9925572,person
6,00245,310,118,425,419,0.9961439,person
6,00246,291,128,423,414,0.9819962,person
6,00246,307,128,418,416,0.99513793,person
6,00247,286,138,422,420,0.88266265,person
6,00247,300,135,411,430,0.95307904,person
6,00248,291,132,426,428,0.99512845,person
6,00248,298,129,414,436,0.97339594,person
6,00249,283,137,440,439,0.9981261,person
6,00250,290,130,439,446,0.9949466,person
6,00251,284,138,433,462,0.9961284,person
6,00251,308,130,424,476,0.5294097,person
6,00252,282,151,439,461,0.9968682,person
6,00253,286,145,441,469,0.9934293,person
6,00254,295,155,439,467,0.95998734,person
6,00255,300,166,447,473,0.9923798,person
6,00256,315,153,480,471,0.9773374,person
6,00257,320,169,485,470,0.66678226,person
6,00258,315,166,472,473,0.856475,person
6,00259,316,173,467,472,0.87908703,person
6,00260,325,179,487,473,0.98453826,person
6,00261,329,170,525,473,0.9589389,person
6,00262,328,172,534,471,0.9901526,person
6,00263,330,194,528,479,0.96698105,person
6,00264,326,181,536,474,0.94271547,person
6,00265,325,211,574,476,0.9909203,person
6,00266,336,218,575,478,0.9867505,person
6,00267,338,213,579,477,0.9931373,person
6,00268,329,243,596,477,0.98727787,person
6,00269,343,241,599,479,0.944918,person
6,00270,355,250,619,477,0.96652997,person
6,00271,385,281,661,477,0.9877552,person
6,00272,404,278,685,477,0.979683,person
6,00273,429,289,705,477,0.9656632,person
6,00274,449,310,703,477,0.6362934,person
6,00275,457,301,709,472,0.86574954,person
6,00277,626,351,714,476,0.7322725,person
