2,105,13,268,239,475,0.7319409,person
2,106,15,271,298,472,0.8998818,person
2,107,48,243,298,475,0.7646234,person
2,108,71,221,291,476,0.8182876,person
2,109,98,231,300,480,0.7027178,person
2,110,141,216,328,479,0.9760941,person
2,111,151,197,374,481,0.96518606,person
2,112,176,203,396,479,0.98422945,person
2,113,201,181,394,475,0.9772524,person
2,114,213,172,387,482,0.9786564,person
2,115,230,179,392,477,0.992599,person
2,116,256,170,418,478,0.9993502,person
2,117,253,166,440,476,0.9985204,person
2,118,261,169,449,478,0.99230474,person
2,119,275,167,452,474,0.99438035,person
2,120,295,168,450,479,0.9983053,person
2,121,310,172,449,478,0.99921316,person
2,121,320,182,442,463,0.8997619,person
2,122,321,153,465,478,0.99765503,person
2,123,315,162,477,472,0.9989125,person
2,124,322,162,473,475,0.9938121,person
2,125,328,151,462,465,0.99233633,person
2,125,341,158,455,457,0.9884567,person
2,126,335,156,469,458,0.9737202,person
2,126,348,163,466,452,0.9931576,person
2,127,347,160,476,441,0.97952974,person
2,127,362,165,475,435,0.9979256,person
2,128,363,148,492,427,0.9859815,person
2,128,373,147,485,430,0.9957666,person
2,129,368,154,500,424,0.9642938,person
2,129,377,154,495,422,0.9960028,person
2,130,373,151,501,416,0.98258984,person
2,130,380,155,497,413,0.9979922,person
2,131,391,136,502,400,0.9782484,person
2,132,397,142,501,394,0.99748075,person
2,133,408,142,507,382,0.98744434,person
2,134,393,121,525,381,0.7193596,person
2,134,406,125,510,381,0.99616575,person
2,135,392,133,526,376,0.913836,person
2,135,407,143,513,376,0.998607,person
2,136,412,127,506,376,0.9978082,person
2,137,416,123,501,370,0.76618606,person
2,138,418,134,505,363,0.99184537,person
2,139,419,124,506,339,0.7440169,person
2,140,414,127,507,339,0.9878625,person
2,141,415,127,503,341,0.99044335,person
2,142,417,124,503,334,0.9759114,person
2,143,417,122,503,331,0.92930067,person
2,144,418,134,502,323,0.96480507,person
2,145,414,128,497,320,0.9965926,person
2,146,410,128,497,320,0.99730515,person
2,147,411,127,499,320,0.99815893,person
2,148,417,121,497,309,0.99524444,person
2,149,421,125,499,304,0.9952207,person
2,150,424,126,500,303,0.9961823,person
2,151,429,116,502,300,0.99852395,person
2,152,432,126,502,299,0.9979936,person
2,153,432,119,501,292,0.99723446,person
2,154,433,118,500,291,0.9975184,person
2,155,436,119,511,289,0.99295026,person
2,156,441,114,508,282,0.9986308,person
2,157,437,119,498,278,0.599103,dog
2,157,442,120,503,278,0.6846738,person
2,158,442,123,506,272,0.9961575,person
2,159,435,124,498,266,0.95090955,dog
2,160,442,124,504,267,0.6742206,person
2,161,436,114,497,263,0.99694115,person
2,162,435,119,494,259,0.77313036,dog
2,163,431,115,494,248,0.8105922,dog
2,164,431,121,492,258,0.9344079,dog
2,165,431,115,490,258,0.9887739,person
2,166,432,110,487,250,0.974547,person
2,167,438,110,484,250,0.9875161,person
2,168,432,108,490,250,0.9938587,person
2,169,431,109,493,250,0.99439347,person
2,170,432,107,494,247,0.9758856,person
2,171,436,105,495,243,0.9926625,person
2,172,447,113,499,237,0.97538054,person
2,173,450,105,497,241,0.9910399,person
2,174,451,103,497,238,0.9969984,person
2,175,452,111,499,232,0.9909829,person
2,176,455,104,496,233,0.9946418,person
2,177,456,103,497,233,0.9927331,person
2,178,458,105,498,230,0.995984,person
2,179,463,103,501,232,0.9868584,person
2,180,457,103,500,230,0.9813685,person
2,181,455,106,500,229,0.9544434,person
2,182,457,101,498,222,0.99035484,person
2,183,457,104,501,220,0.9901801,person
2,184,461,105,501,216,0.97266537,person
2,185,462,101,496,214,0.97688675,person
2,186,461,106,499,216,0.973945,person
2,187,462,102,500,213,0.8991493,person
2,188,461,101,500,212,0.983585,person
2,189,463,102,502,210,0.9518435,person
2,190,467,100,504,208,0.9753297,person
2,191,464,100,508,206,0.97370994,person
2,192,466,101,506,208,0.58659524,person
2,193,469,95,505,204,0.9259218,person
2,194,469,101,507,201,0.7176671,person
2,200,487,102,522,198,0.78150445,person
2,201,488,94,525,195,0.84544784,person
2,203,490,96,532,193,0.7431692,person
2,207,496,95,540,188,0.6311435,person
2,208,496,101,542,181,0.7924611,person
2,213,498,98,542,180,0.7421553,person
2,214,500,101,540,179,0.7410094,person
2,427,497,100,532,174,0.5582543,person
2,431,498,99,533,176,0.8059886,person
2,432,498,98,536,177,0.5335576,person
2,433,496,101,536,176,0.8122649,person
2,434,496,100,535,180,0.7299811,person
2,435,499,100,532,181,0.62208617,person
2,436,498,100,532,181,0.8403174,person
2,437,494,100,530,183,0.8771236,person
2,438,491,97,535,186,0.94369507,person
2,439,492,101,532,186,0.9402983,person
2,440,494,100,533,188,0.90335184,person
2,441,494,98,534,189,0.926969,person
2,442,493,100,532,189,0.85884434,person
2,443,489,98,530,190,0.8998179,person
2,444,489,96,528,193,0.8699511,person
2,445,489,97,529,193,0.85781753,person
2,446,492,95,528,194,0.7280146,person
2,447,494,97,526,203,0.64389104,person
2,448,492,100,527,197,0.74709356,person
2,451,489,99,530,200,0.88155633,person
2,453,488,104,528,194,0.65822,person
2,454,487,103,527,200,0.6670458,person
2,455,485,95,522,205,0.82770795,person
2,457,484,98,521,207,0.93749726,person
2,458,484,95,522,209,0.8837403,person
2,459,484,101,520,206,0.953591,person
2,460,480,101,522,213,0.70412415,person
2,461,473,103,517,211,0.9345426,person
2,462,471,106,516,212,0.95399857,person
2,463,471,105,519,213,0.9577606,person
2,464,471,104,520,216,0.9655601,person
2,465,473,107,518,215,0.9646725,person
2,466,471,105,516,216,0.9858416,person
2,467,468,104,516,217,0.988125,person
2,468,467,107,515,219,0.9920652,person
2,469,468,103,514,221,0.9806857,person
2,470,466,101,510,227,0.9935025,person
2,471,464,107,507,229,0.9872592,person
2,472,458,103,502,233,0.99630606,person
2,473,452,101,497,234,0.992397,person
2,474,449,105,496,234,0.9891857,person
2,475,453,100,495,237,0.9941166,person
2,476,449,106,495,233,0.9920341,person
2,477,442,108,490,242,0.9895176,person
2,478,435,106,495,240,0.9909994,person
2,479,438,110,490,236,0.99124604,person
2,480,438,110,488,243,0.9909627,person
2,481,433,108,492,248,0.9923331,person
2,482,438,110,485,246,0.9934739,person
2,483,432,108,487,252,0.9847192,person
2,484,428,108,487,249,0.9936334,person
2,485,423,111,484,252,0.99122196,person
2,486,427,112,488,263,0.98968863,person
2,487,429,111,488,263,0.9955457,person
2,488,427,124,486,261,0.79861623,dog
2,489,421,118,484,269,0.9940208,person
2,490,414,116,482,267,0.99779004,person
2,491,413,124,479,272,0.9955668,person
2,492,416,116,478,280,0.995886,person
2,493,414,115,478,283,0.9908613,person
2,494,409,122,470,290,0.9904809,person
2,495,404,109,469,288,0.9959409,person
2,496,401,114,471,295,0.9979423,person
2,497,398,122,471,298,0.9981536,person
2,498,403,112,470,302,0.99765486,person
2,499,400,126,467,302,0.9966153,person
2,500,389,126,463,305,0.99512917,person
2,501,377,119,463,310,0.9983578,person
2,502,370,127,454,309,0.99432385,person
2,503,367,121,450,326,0.99684256,person
2,504,370,121,442,324,0.989051,person
2,505,367,138,440,322,0.9896495,person
2,506,356,134,442,332,0.9917259,person
2,507,349,128,443,333,0.9990697,person
2,508,344,139,442,351,0.99749726,person
2,509,344,134,439,353,0.99612635,person
2,510,347,135,436,353,0.9950653,person
2,511,345,146,435,358,0.98963666,person
2,512,334,145,425,364,0.9912734,person
2,513,322,139,425,369,0.9983929,person
2,514,301,144,432,385,0.9642521,person
2,514,315,147,423,381,0.9995214,person
2,515,310,136,433,395,0.9176579,person
2,515,317,138,423,392,0.99869776,person
2,516,313,152,418,382,0.99749345,person
2,517,289,145,418,419,0.57801175,person
2,517,306,156,406,408,0.9914509,person
2,518,278,146,402,420,0.9738518,person
2,518,286,150,397,415,0.99612266,person
2,519,258,147,393,428,0.99638706,person
2,519,270,149,399,429,0.97049534,person
2,520,244,152,391,447,0.993453,person
2,521,244,150,373,447,0.99283016,person
2,521,251,161,370,435,0.9897475,person
2,522,231,157,356,457,0.9838442,person
2,522,242,166,353,446,0.9975959,person
2,523,221,163,348,463,0.9923683,person
2,523,230,175,342,443,0.99162203,person
2,524,206,159,340,463,0.99873555,person
2,525,184,167,339,474,0.9994548,person
2,526,172,166,337,473,0.9987438,person
2,527,178,164,320,476,0.9968812,person
2,528,172,173,305,477,0.9969063,person
2,528,180,185,301,460,0.9695953,person
2,529,158,174,300,477,0.9975295,person
2,529,159,190,292,458,0.56408423,person
2,530,122,175,301,474,0.9895771,person
2,531,104,193,295,480,0.9795391,person
2,532,104,178,285,477,0.9801559,person
2,533,107,192,275,479,0.9892886,person
2,534,99,199,266,479,0.9799835,person
2,535,71,214,268,470,0.9830431,person
2,536,39,205,276,481,0.9943516,person
2,537,20,219,278,477,0.9865548,person
2,538,24,213,270,476,0.9874502,person
2,539,30,225,264,475,0.9783666,person
2,540,23,251,258,474,0.97578394,person
2,541,7,259,240,471,0.9510223,person
2,542,8,271,228,472,0.9720827,person
2,543,0,299,237,470,0.93266296,person
2,544,3,288,230,470,0.94480544,person
2,545,10,298,184,471,0.84846985,person
3,104,9,267,236,477,0.9006901,person
3,105,15,252,293,475,0.9416931,person
3,106,45,255,298,474,0.70611864,person
3,107,68,223,294,477,0.9192996,person
3,108,93,230,295,481,0.6952595,person
3,109,137,219,327,477,0.95015204,person
3,110,155,199,372,482,0.94036734,person
3,111,174,197,392,479,0.97847134,person
3,112,202,194,395,481,0.9754209,person
3,113,210,173,389,480,0.86614954,person
3,114,226,182,399,473,0.90235835,person
3,115,254,177,416,475,0.9851599,person
3,116,258,164,433,478,0.9970215,person
3,117,265,170,448,476,0.9886322,person
3,118,274,169,455,469,0.9950375,person
3,119,289,164,452,477,0.99584913,person
3,120,304,172,452,474,0.99766934,person
3,121,319,151,468,479,0.99857503,person
3,122,316,149,475,472,0.9989225,person
3,123,321,152,479,479,0.9973864,person
3,124,329,148,463,467,0.99230534,person
3,124,336,161,457,453,0.97980845,person
3,125,334,148,465,463,0.99331236,person
3,125,346,162,459,454,0.9963581,person
3,126,346,158,475,448,0.99472547,person
3,126,360,169,475,435,0.9986234,person
3,127,363,147,491,427,0.9814681,person
3,127,373,143,483,429,0.9965739,person
3,128,371,152,499,424,0.98822296,person
3,128,377,154,493,419,0.9971297,person
3,129,375,150,498,424,0.9941826,person
3,129,381,156,495,415,0.99774855,person
3,130,373,135,502,404,0.95487964,person
3,130,391,139,501,397,0.9977687,person
3,131,395,140,500,395,0.9949179,person
3,132,392,133,521,392,0.7327454,person
3,132,406,136,505,389,0.99858356,person
3,133,391,129,520,376,0.8350771,person
3,133,407,127,510,381,0.99619925,person
3,134,391,130,525,391,0.9646114,person
3,134,407,140,513,381,0.99848837,person
3,135,413,130,507,378,0.9954803,person
3,136,416,130,501,366,0.5277062,dog
3,137,418,137,503,367,0.99480027,person
3,138,421,128,508,358,0.89542466,person
3,139,414,128,507,340,0.9635245,person
3,140,413,128,504,339,0.9857043,person
3,141,417,122,504,335,0.98678476,person
3,142,417,123,502,328,0.92345077,person
3,143,418,132,501,326,0.97188044,person
3,144,415,126,499,322,0.9757674,person
3,145,411,123,496,322,0.99558794,person
3,146,413,125,497,310,0.9960576,person
3,147,417,124,495,309,0.99426925,person
3,148,422,119,498,309,0.99424106,person
3,149,424,125,497,302,0.991208,person
3,150,431,117,498,298,0.99821097,person
3,151,432,126,501,299,0.9987533,person
3,152,431,121,502,297,0.9978225,person
3,153,433,118,500,292,0.99617314,person
3,154,435,112,510,288,0.9971178,person
3,155,440,116,507,282,0.9963705,person
3,156,443,119,504,277,0.9969608,person
3,157,434,122,500,278,0.68588924,dog
3,157,441,122,506,275,0.60423106,person
3,158,435,121,499,269,0.6515162,dog
3,158,441,121,505,268,0.5766992,person
3,159,442,121,504,268,0.7011943,person
3,160,437,120,496,267,0.9931446,person
3,161,437,118,494,260,0.89279044,dog
3,162,432,120,496,258,0.9733018,dog
3,163,431,117,493,259,0.7594975,dog
3,164,428,113,490,249,0.8570554,dog
3,165,430,111,489,247,0.9001669,person
3,166,434,116,483,256,0.9507933,person
3,167,432,109,492,245,0.99158835,person
3,168,428,111,493,246,0.99490637,person
3,169,429,111,493,242,0.93045145,person
3,170,435,104,494,241,0.99177253,person
3,171,441,111,492,236,0.98943573,person
3,172,448,107,497,235,0.99184936,person
3,173,449,101,496,237,0.995527,person
3,174,451,108,497,234,0.99096143,person
3,175,452,105,497,233,0.98847115,person
3,176,455,101,497,234,0.9950286,person
3,177,457,103,497,230,0.9965496,person
3,178,460,103,501,224,0.9876932,person
3,179,455,102,502,224,0.9942897,person
3,180,453,105,502,223,0.9799621,person
3,181,458,101,500,225,0.9872238,person
3,182,457,103,501,221,0.9928784,person
3,183,459,105,500,218,0.98506993,person
3,184,459,101,498,213,0.9958147,person
3,185,461,105,501,214,0.9851391,person
3,186,460,104,501,213,0.9898254,person
3,187,461,102,499,216,0.9940968,person
3,188,465,103,501,211,0.95137084,person
3,189,467,100,506,209,0.9781514,person
3,190,466,99,508,209,0.9756145,person
3,191,465,100,506,208,0.9168504,person
3,192,467,99,508,207,0.94510156,person
3,193,470,100,508,208,0.96731013,person
3,194,472,99,513,200,0.93600285,person
3,195,474,97,516,200,0.9465774,person
3,196,478,98,522,200,0.9437162,person
3,198,485,90,521,197,0.87504,person
3,199,486,99,521,199,0.7896626,person
3,200,489,93,525,195,0.8812433,person
3,201,489,97,530,193,0.9708978,person
3,202,488,96,533,193,0.87179697,person
3,203,489,93,532,192,0.97221416,person
3,204,491,95,529,192,0.82887506,person
3,205,495,97,531,192,0.8049837,person
3,206,495,93,540,187,0.7406469,person
3,207,495,99,542,184,0.864626,person
3,208,498,101,541,185,0.9504628,person
3,209,500,95,540,184,0.64489406,person
3,212,497,98,540,183,0.8753463,person
3,213,497,100,540,181,0.799874,person
3,218,504,97,543,177,0.57317406,person
3,229,519,95,549,175,0.54231644,person
3,230,519,99,550,175,0.5660362,person
3,380,531,96,552,150,0.61813796,person
3,420,501,95,537,172,0.53351223,person
3,423,503,96,538,172,0.6156017,person
3,424,501,99,536,174,0.7237545,person
3,425,501,95,535,174,0.72325784,person
3,426,499,97,535,175,0.69942135,person
3,427,500,97,535,174,0.6390279,person
3,428,498,97,535,175,0.7080205,person
3,429,501,99,535,176,0.7568872,person
3,430,500,99,535,176,0.87353474,person
3,431,498,98,537,177,0.8458958,person
3,432,498,99,536,177,0.81269383,person
3,433,495,100,537,180,0.8829315,person
3,434,499,99,535,181,0.919074,person
3,435,499,101,533,179,0.8976288,person
3,436,496,100,531,184,0.89866495,person
3,437,491,96,534,183,0.9301159,person
3,438,490,100,532,188,0.96427506,person
3,439,495,100,534,188,0.93887544,person
3,440,495,98,535,188,0.9692423,person
3,441,495,100,532,189,0.9460707,person
3,442,491,99,532,189,0.9687082,person
3,443,489,96,531,191,0.9772064,person
3,444,488,98,529,192,0.9616672,person
3,445,491,97,529,193,0.9324829,person
3,446,492,96,528,205,0.9392956,person
3,447,491,101,530,201,0.95201397,person
3,448,490,97,530,203,0.96875477,person
3,449,491,97,530,206,0.9122147,person
3,450,490,101,532,189,0.8442621,person
3,451,489,98,533,190,0.91331685,person
3,452,488,101,530,199,0.90215814,person
3,453,488,103,529,207,0.9016525,person
3,454,486,94,524,206,0.98399854,person
3,455,481,98,523,209,0.97727865,person
3,456,483,98,521,208,0.9775982,person
3,457,485,99,521,213,0.9846536,person
3,458,483,100,522,211,0.9846136,person
3,459,479,101,523,219,0.9727491,person
3,460,473,100,519,211,0.9854204,person
3,461,471,105,516,212,0.98270833,person
3,462,471,105,521,214,0.98040867,person
3,463,472,103,520,213,0.9915237,person
3,464,472,106,519,216,0.97431654,person
3,465,472,105,518,219,0.9870452,person
3,466,467,102,516,217,0.98710126,person
3,467,467,107,515,221,0.9883665,person
3,468,467,102,512,223,0.9868538,person
3,469,468,102,511,224,0.9851847,person
3,470,464,104,507,231,0.9788279,person
3,471,459,101,503,235,0.99436975,person
3,472,452,100,499,236,0.99173754,person
3,473,450,104,498,231,0.9942472,person
3,474,452,100,495,236,0.99469036,person
3,475,449,102,495,236,0.99339235,person
3,476,442,107,491,240,0.9896387,person
3,477,434,106,495,237,0.98740023,person
3,478,431,109,494,239,0.9866579,person
3,479,432,110,493,241,0.9919084,person
3,480,433,107,493,244,0.9915691,person
3,481,439,105,487,251,0.99628913,person
3,482,431,111,489,249,0.9900059,person
3,483,428,109,488,249,0.99223626,person
3,484,424,112,486,252,0.9935028,person
3,485,426,113,488,260,0.9893262,person
3,486,428,108,490,265,0.99380696,person
3,487,427,120,486,260,0.98276436,person
3,488,422,119,485,267,0.9959689,person
3,489,417,116,481,266,0.9973655,person
3,490,414,120,477,272,0.9946893,person
3,491,414,116,478,278,0.9960313,person
3,492,415,114,479,284,0.9906678,person
3,493,410,121,470,289,0.9901346,person
3,494,407,112,469,288,0.9947074,person
3,495,402,113,471,296,0.99676037,person
3,496,397,124,472,296,0.9952841,person
3,497,403,117,470,296,0.99700904,person
3,498,402,123,468,300,0.9959129,person
3,499,393,127,463,305,0.9885372,person
3,500,379,121,465,311,0.9967369,person
3,501,369,124,455,310,0.9982659,person
3,502,368,123,452,325,0.9956449,person
3,503,370,120,443,326,0.99121696,person
3,504,366,133,440,319,0.99273515,person
3,505,358,135,442,331,0.98706335,person
3,506,348,126,444,335,0.99864066,person
3,507,343,134,440,349,0.99487936,person
3,508,343,131,440,356,0.99728566,person
3,509,346,134,435,352,0.99282837,person
3,510,346,144,434,356,0.9919263,person
3,511,336,144,425,365,0.9888933,person
3,512,325,136,425,370,0.99826986,person
3,513,302,143,433,381,0.96292084,person
3,513,313,146,423,377,0.9995808,person
3,514,308,134,432,395,0.9378073,person
3,514,316,143,423,388,0.9993732,person
3,515,315,147,419,382,0.99797875,person
3,516,309,159,405,402,0.9828128,person
3,517,280,140,402,425,0.9789303,person
3,517,288,151,398,414,0.9943877,person
3,518,266,144,404,423,0.9973442,person
3,518,273,135,398,435,0.9833626,person
3,519,250,148,394,448,0.99450094,person
3,519,260,169,385,426,0.65218526,person
3,520,244,146,377,452,0.9964282,person
3,520,254,146,374,451,0.9809382,person
3,521,230,148,360,459,0.9906669,person
3,521,241,162,356,445,0.97730464,person
3,522,221,159,350,473,0.989892,person
3,522,230,170,345,466,0.9750241,person
3,523,210,157,348,466,0.9983081,person
3,524,184,158,346,470,0.99952686,person
3,525,171,169,339,470,0.9964574,person
3,526,177,162,325,472,0.99698156,person
3,527,173,171,310,478,0.99789894,person
3,527,180,182,303,463,0.95644045,person
3,528,156,175,304,476,0.99657613,person
3,529,132,174,317,472,0.994076,person
3,530,105,195,303,479,0.9546499,person
3,531,109,181,290,474,0.943901,person
3,532,107,182,279,471,0.97276384,person
3,533,103,198,265,480,0.8880431,person
3,534,75,212,268,472,0.97097987,person
3,535,43,195,272,480,0.9947507,person
3,536,16,214,281,475,0.992997,person
3,537,28,215,269,477,0.9895298,person
3,538,30,214,268,474,0.9699724,person
3,539,24,250,259,472,0.9745378,person
3,540,9,256,238,471,0.9784677,person
3,541,3,252,239,474,0.9805497,person
3,542,7,292,229,471,0.96323526,person
3,543,7,276,227,471,0.98226196,person
3,544,6,297,192,470,0.8204743,person
4,104,6,257,229,472,0.9553969,person
4,105,13,253,283,477,0.91942203,person
4,106,53,270,290,476,0.62462056,person
4,107,68,220,297,477,0.9419877,person
4,108,90,222,293,483,0.86968213,person
4,109,126,220,330,478,0.9561224,person
4,110,153,199,374,483,0.82986003,person
4,111,172,198,391,479,0.9634129,person
4,112,193,199,396,478,0.9363743,person
4,113,206,175,389,479,0.94474405,person
4,114,220,178,395,477,0.9160248,person
4,115,251,177,418,477,0.9278565,person
4,116,256,163,431,476,0.99774706,person
4,117,264,169,444,475,0.9842107,person
4,118,266,169,453,473,0.9885073,person
4,119,287,163,452,476,0.9873483,person
4,120,305,171,454,474,0.9905626,person
4,121,318,151,465,478,0.9908277,person
4,122,318,141,473,475,0.99808365,person
4,123,322,149,484,480,0.99780786,person
4,124,329,145,465,466,0.9947544,person
4,124,338,156,462,454,0.93065006,person
4,125,331,144,462,462,0.9910751,person
4,125,344,152,457,456,0.9882606,person
4,126,343,154,472,448,0.96758455,person
4,126,354,164,467,435,0.9904644,person
4,127,361,139,490,429,0.9770659,person
4,127,371,130,481,438,0.9969465,person
4,128,367,143,498,424,0.9988599,person
4,128,374,150,491,420,0.99810874,person
4,129,372,144,500,426,0.99676996,person
4,129,383,152,493,415,0.9988117,person
4,130,371,136,503,407,0.9543472,person
4,130,391,137,501,400,0.9982883,person
4,131,383,127,516,406,0.6475229,person
4,131,394,131,502,400,0.9978903,person
4,132,391,133,521,393,0.7487885,person
4,132,402,137,508,391,0.99793094,person
4,133,393,131,519,377,0.94121045,person
4,133,409,124,509,386,0.99745405,person
4,134,393,130,524,392,0.91862047,person
4,134,409,135,513,387,0.99899983,person
4,135,395,130,528,376,0.7683806,person
4,135,410,127,509,380,0.9978571,person
4,136,417,135,503,362,0.9837811,person
4,137,416,134,504,363,0.9633359,person
4,138,420,131,508,354,0.97810084,person
4,139,413,125,504,341,0.9539068,person
4,140,414,129,504,334,0.97180593,person
4,141,416,124,503,335,0.99301434,person
4,142,415,124,502,329,0.9920183,person
4,143,417,134,501,322,0.9808412,person
4,144,415,120,498,315,0.9233302,person
4,145,412,125,495,321,0.99265003,person
4,146,413,126,497,312,0.9964842,person
4,147,416,125,496,309,0.9970764,person
4,148,418,121,496,307,0.99368435,person
4,149,424,127,497,300,0.997165,person
4,150,432,118,498,297,0.9982852,person
4,151,430,123,501,298,0.99881953,person
4,152,430,125,501,296,0.99467134,person
4,153,434,120,498,289,0.99047565,person
4,154,433,116,512,286,0.99441624,person
4,155,439,117,509,278,0.998218,person
4,156,441,119,506,276,0.99464,person
4,157,444,121,503,277,0.93310827,person
4,158,435,123,498,270,0.91361463,dog
4,159,443,116,501,269,0.9348044,dog
4,160,435,117,497,270,0.99569273,person
4,161,437,124,494,260,0.9138598,dog
4,162,434,118,496,259,0.96665204,dog
4,163,432,117,493,246,0.7435966,dog
4,164,428,113,491,251,0.6721306,dog
4,164,430,116,492,258,0.6298403,person
4,165,429,111,489,249,0.98731583,person
4,166,431,110,486,249,0.97996414,person
4,167,430,109,492,250,0.9967389,person
4,168,430,111,494,251,0.99688596,person
4,169,428,110,493,245,0.9819863,person
4,170,436,105,494,243,0.9936907,person
4,171,442,106,492,240,0.9944967,person
4,172,447,105,496,237,0.9862379,person
4,173,449,101,496,236,0.9947108,person
4,174,449,105,499,234,0.9969902,person
4,175,452,105,498,233,0.99478745,person
4,176,452,100,497,233,0.9974513,person
4,177,457,104,497,231,0.9982487,person
4,178,459,105,498,228,0.995434,person
4,179,456,99,502,227,0.9956105,person
4,180,454,103,502,225,0.9943801,person
4,181,457,101,500,225,0.9952406,person
4,182,457,101,499,220,0.997284,person
4,183,459,106,501,218,0.9958273,person
4,184,458,101,497,213,0.9974897,person
4,185,461,103,500,215,0.9938855,person
4,186,460,105,502,214,0.99506426,person
4,187,462,100,499,213,0.9968211,person
4,188,462,103,503,208,0.99415517,person
4,189,466,101,504,207,0.9910152,person
4,190,464,100,507,208,0.98677427,person
4,191,462,101,505,207,0.9776753,person
4,192,468,99,508,205,0.9835155,person
4,193,470,99,507,206,0.99090064,person
4,194,473,99,511,205,0.9683703,person
4,195,475,97,515,203,0.98943824,person
4,196,473,99,518,200,0.99472183,person
4,197,478,98,523,202,0.9394474,person
4,198,484,90,521,199,0.93459517,person
4,199,487,98,522,199,0.9736641,person
4,200,489,97,527,195,0.9751426,person
4,201,488,96,531,191,0.9771899,person
4,202,488,100,535,198,0.98421794,person
4,203,491,95,533,192,0.9854947,person
4,204,491,97,530,192,0.9798272,person
4,205,496,98,531,191,0.9222606,person
4,206,495,94,539,188,0.92099905,person
4,207,496,98,541,186,0.9447111,person
4,208,496,98,541,186,0.9685876,person
4,209,500,94,538,185,0.74076563,person
4,210,503,98,535,185,0.5781477,person
4,212,500,97,539,180,0.88559806,person
4,213,498,99,539,181,0.9112199,person
4,214,500,97,539,179,0.8589403,person
4,215,501,96,538,177,0.84650445,person
4,216,503,99,538,175,0.54061085,person
4,217,504,96,539,175,0.7063102,person
4,218,505,97,542,177,0.8660607,person
4,219,506,97,542,175,0.7916405,person
4,223,513,94,544,175,0.62875015,person
4,224,512,96,546,176,0.78782606,person
4,225,514,95,546,174,0.575391,person
4,229,519,95,549,173,0.78936833,person
4,230,519,96,551,173,0.7424374,person
4,231,520,93,553,175,0.65362483,person
4,237,525,90,552,175,0.5926237,person
4,367,527,17,715,149,0.7521396,car
4,413,505,95,538,169,0.6972367,person
4,413,510,95,534,171,0.5855758,person
4,414,504,91,537,172,0.65587306,person
4,415,503,94,537,172,0.7606321,person
4,416,503,91,537,172,0.6392781,person
4,417,504,92,536,172,0.5590873,person
4,418,503,97,534,173,0.7267662,person
4,419,501,94,536,171,0.7109247,person
4,420,502,96,536,172,0.86296475,person
4,421,500,96,538,173,0.8620171,person
4,422,504,93,536,172,0.8279762,person
4,423,504,96,539,174,0.81929934,person
4,424,502,99,536,174,0.87311304,person
4,425,501,95,537,175,0.8991629,person
4,426,500,97,535,175,0.8818351,person
4,427,500,97,535,174,0.7796908,person
4,428,500,98,536,175,0.90690774,person
4,429,502,98,536,174,0.91537285,person
4,430,501,99,536,176,0.91254383,person
4,431,499,98,538,177,0.93290204,person
4,432,499,100,535,175,0.9450635,person
4,433,497,101,537,179,0.9478456,person
4,434,498,97,535,180,0.9688484,person
4,435,500,99,534,180,0.96818024,person
4,436,497,101,532,184,0.9508471,person
4,437,492,96,533,183,0.97544426,person
4,438,490,100,532,187,0.97691405,person
4,439,496,102,534,188,0.9787695,person
4,440,496,98,534,188,0.97894967,person
4,441,495,100,532,189,0.9827361,person
4,442,492,98,532,191,0.9861116,person
4,443,489,96,531,192,0.9907023,person
4,444,488,97,529,192,0.98578304,person
4,445,490,97,529,192,0.96814805,person
4,446,492,97,529,192,0.96262515,person
4,447,493,101,532,199,0.9712141,person
4,448,490,97,534,202,0.9849742,person
4,449,492,97,533,202,0.9739236,person
4,450,489,100,530,189,0.9521903,person
4,451,490,100,532,197,0.9612882,person
4,452,489,100,531,203,0.9842736,person
4,453,487,100,528,202,0.9872297,person
4,454,486,96,525,210,0.98708755,person
4,455,482,97,522,207,0.99416226,person
4,456,481,99,520,206,0.99190474,person
4,457,484,98,521,208,0.99016523,person
4,458,483,100,521,211,0.98943764,person
4,459,479,102,523,212,0.9959962,person
4,460,472,101,520,207,0.9949129,person
4,461,471,102,519,207,0.99295425,person
4,462,471,103,518,210,0.99175346,person
4,463,471,101,520,212,0.9955103,person
4,464,473,103,519,212,0.9952014,person
4,465,472,106,517,218,0.994352,person
4,466,468,101,517,221,0.98596674,person
4,467,467,105,514,221,0.9878866,person
4,468,467,104,512,222,0.9865219,person
4,469,468,101,511,225,0.9883587,person
4,470,465,101,509,233,0.9922674,person
4,471,458,100,504,234,0.9966272,person
4,472,451,99,499,235,0.98923373,person
4,473,447,102,498,234,0.9950069,person
4,474,449,100,496,235,0.99290067,person
4,475,448,98,495,239,0.9969674,person
4,476,442,105,493,239,0.99631554,person
4,477,435,106,494,238,0.9949605,person
4,478,434,107,494,238,0.9951818,person
4,479,431,110,493,246,0.99439853,person
4,480,432,108,494,245,0.9966514,person
4,481,434,109,491,248,0.99617696,person
4,482,431,111,489,250,0.994281,person
4,483,425,110,488,250,0.99467313,person
4,484,422,112,487,250,0.99628186,person
4,485,423,113,487,260,0.99110174,person
4,486,426,110,490,263,0.99387556,person
4,487,427,116,488,259,0.99320054,person
4,488,422,119,485,267,0.9974834,person
4,489,418,113,482,264,0.99657184,person
4,490,413,120,478,269,0.9959146,person
4,491,414,115,477,281,0.99345803,person
4,492,415,113,477,280,0.99714303,person
4,493,409,119,470,280,0.9884337,person
4,494,408,119,468,291,0.9928047,person
4,495,402,111,470,284,0.9925745,person
4,496,398,122,471,294,0.99582744,person
4,497,402,116,471,295,0.9918007,person
4,498,404,119,468,301,0.98904496,person
4,499,393,127,464,302,0.98357433,person
4,500,382,121,461,309,0.996263,person
4,501,370,127,456,305,0.9969534,person
4,502,366,121,454,324,0.99491954,person
4,503,370,118,446,327,0.9926302,person
4,504,367,130,438,319,0.99399585,person
4,505,362,135,442,326,0.98448855,person
4,506,347,124,442,333,0.9990096,person
4,507,343,130,443,338,0.9981506,person
4,508,344,137,441,354,0.9987138,person
4,509,346,132,435,355,0.99843806,person
4,510,345,144,434,354,0.99834096,person
4,511,335,148,428,360,0.99210894,person
4,512,325,130,426,373,0.9957609,person
4,513,305,141,435,380,0.96006095,person
4,513,313,146,425,376,0.99833554,person
4,513,456,368,515,379,0.58785224,baseball bat
4,514,310,136,432,391,0.9385427,person
4,514,313,147,424,382,0.9985631,person
4,515,306,124,427,406,0.52348137,person
4,515,314,138,417,391,0.99810517,person
4,516,299,133,423,411,0.57955724,person
4,516,311,155,413,386,0.9977387,person
4,517,281,140,408,423,0.9451239,person
4,517,292,145,399,423,0.9920457,person
4,518,267,140,402,424,0.9939839,person
4,518,276,144,398,422,0.9669788,person
4,519,250,146,396,436,0.985812,person
4,520,242,145,384,452,0.98979264,person
4,520,256,148,376,450,0.82497174,person
4,521,235,148,365,451,0.99324006,person
4,521,240,157,359,444,0.98918813,person
4,522,226,158,352,467,0.9961049,person
4,522,234,165,348,467,0.9935422,person
4,523,213,158,349,463,0.99147403,person
4,523,217,163,343,450,0.89844316,person
4,524,183,155,345,464,0.9963771,person
4,525,170,170,342,473,0.99239755,person
4,526,174,162,329,472,0.9865955,person
4,527,174,170,314,472,0.9961032,person
4,527,181,177,305,462,0.77022314,person
4,528,157,177,303,474,0.9678874,person
4,529,140,177,308,469,0.95454323,person
4,530,108,179,301,474,0.7268199,person
4,531,108,177,292,477,0.8460412,person
4,532,106,177,288,477,0.89869994,person
4,533,105,200,272,477,0.79691714,person
4,534,79,205,271,473,0.9176747,person
4,535,51,201,290,475,0.98389864,person
4,536,21,213,279,475,0.99019617,person
4,537,28,219,270,477,0.9608351,person
4,538,33,214,265,473,0.92654383,person
4,539,28,238,258,476,0.95563245,person
4,540,10,252,240,474,0.98520553,person
4,541,1,245,241,474,0.9910163,person
4,542,5,283,229,469,0.9783041,person
4,543,6,276,228,470,0.98184204,person
4,544,3,278,200,469,0.96642137,person
5,104,6,261,225,470,0.87837183,person
5,105,8,250,274,476,0.96542734,person
5,106,27,266,292,480,0.78495497,person
5,107,71,223,295,483,0.96098024,person
5,108,84,219,293,479,0.95325136,person
5,109,121,223,332,481,0.91390055,person
5,110,149,201,356,483,0.92396355,person
5,111,173,200,389,481,0.9177576,person
5,112,191,203,400,478,0.90564686,person
5,113,204,176,395,479,0.91085494,person
5,114,217,174,397,481,0.7824033,person
5,115,239,188,404,486,0.93220663,person
5,116,253,164,432,477,0.9918433,person
5,117,257,170,442,478,0.9851895,person
5,118,260,172,453,470,0.98547107,person
5,119,288,165,453,477,0.8528089,person
5,120,306,171,455,477,0.92582303,person
5,121,318,157,461,476,0.95063657,person
5,122,319,143,471,471,0.99504614,person
5,123,325,143,481,480,0.9944362,person
5,124,328,145,466,465,0.9938581,person
5,124,339,156,461,456,0.79307294,person
5,125,326,143,464,460,0.69995815,person
5,125,339,153,456,449,0.77968985,person
5,126,337,151,472,451,0.8852458,person
5,126,351,153,467,446,0.937475,person
5,127,358,143,492,424,0.9688285,person
5,127,368,136,480,431,0.9918317,person
5,128,362,142,497,423,0.9981063,person
5,128,373,132,488,438,0.9919495,person
5,129,371,147,501,416,0.9960583,person
5,129,380,134,493,433,0.99688447,person
5,130,375,130,500,410,0.983438,person
5,130,389,137,501,400,0.9956004,person
5,131,383,128,516,408,0.8948346,person
5,131,392,138,501,398,0.99689937,person
5,132,387,135,522,391,0.7334195,person
5,132,402,137,506,390,0.9850925,person
5,133,391,128,524,377,0.9093343,person
5,133,407,137,511,383,0.9946058,person
5,134,394,129,527,393,0.9393958,person
5,134,409,135,514,387,0.9977147,person
5,135,394,131,528,374,0.8726125,person
5,135,408,137,513,382,0.99657595,person
5,136,392,122,533,372,0.50730675,person
5,136,414,129,506,370,0.99326026,person
5,137,412,132,503,366,0.96104336,person
5,138,419,128,507,358,0.9528554,person
5,139,414,127,505,340,0.97069705,person
5,140,412,134,506,335,0.9685918,person
5,141,415,129,504,336,0.9962561,person
5,142,418,127,502,329,0.9955894,person
5,143,417,132,503,325,0.9951861,person
5,144,415,129,499,318,0.9813689,person
5,145,412,127,493,308,0.99524975,person
5,146,411,126,495,310,0.9962603,person
5,147,414,126,495,307,0.99601346,person
5,148,418,127,494,302,0.99636334,person
5,149,423,131,496,300,0.99611896,person
5,150,431,118,499,296,0.9975865,person
5,151,431,123,500,296,0.99795526,person
5,152,431,125,502,297,0.9978732,person
5,153,433,120,498,291,0.9927028,person
5,154,431,124,504,285,0.9974484,person
5,155,437,120,510,278,0.9987054,person
5,156,442,117,506,279,0.99828094,person
5,157,442,119,505,279,0.9966004,person
5,158,437,119,496,274,0.95769566,person
5,159,443,121,500,271,0.9138132,dog
5,160,436,123,497,268,0.99631256,person
5,161,439,119,495,262,0.9526238,person
5,162,435,115,495,260,0.92244655,person
5,163,431,119,495,259,0.7383532,person
5,164,431,114,492,258,0.9958759,person
5,165,429,110,488,250,0.9958843,person
5,166,430,118,487,254,0.9375607,person
5,167,431,110,489,249,0.9950912,person
5,168,429,110,492,248,0.99671304,person
5,169,426,109,493,248,0.9851353,person
5,170,435,109,495,242,0.92164123,person
5,171,437,106,494,242,0.9930623,person
5,172,443,107,494,237,0.990936,person
5,173,449,100,497,240,0.99211967,person
5,174,448,103,499,237,0.9955899,person
5,175,450,103,498,237,0.99593896,person
5,176,453,101,497,234,0.9963124,person
5,177,456,103,496,231,0.99571335,person
5,178,458,104,499,229,0.99687105,person
5,179,454,98,501,228,0.9936483,person
5,180,454,102,502,226,0.9937892,person
5,181,456,101,501,224,0.99235475,person
5,182,454,102,499,220,0.99661934,person
5,183,457,105,500,218,0.99720216,person
5,184,458,101,497,214,0.9970681,person
5,185,461,103,500,217,0.993601,person
5,186,460,105,501,216,0.9937576,person
5,187,461,101,499,211,0.9969882,person
5,188,461,103,502,210,0.9959874,person
5,189,466,101,504,206,0.9914782,person
5,190,466,98,507,205,0.98923266,person
5,191,462,102,506,205,0.9919845,person
5,192,465,98,506,205,0.98838687,person
5,193,469,99,508,204,0.99276936,person
5,194,470,101,509,202,0.99131066,person
5,195,475,96,515,201,0.99153054,person
5,196,473,98,518,202,0.9947605,person
5,197,480,97,520,208,0.9863299,person
5,198,482,96,522,201,0.97106415,person
5,199,485,99,522,198,0.98914427,person
5,200,487,99,527,199,0.9806498,person
5,201,490,95,530,193,0.9895342,person
5,202,488,97,533,193,0.9812382,person
5,203,490,96,534,192,0.99064344,person
5,204,492,97,530,192,0.9754398,person
5,205,496,99,531,190,0.9882182,person
5,206,496,94,539,189,0.9535131,person
5,207,497,97,541,185,0.9641849,person
5,208,498,97,542,186,0.9717816,person
5,209,500,96,538,183,0.88329047,person
5,210,502,100,536,186,0.9004877,person
5,211,501,98,537,183,0.7801377,person
5,212,501,98,539,179,0.9321942,person
5,213,499,99,539,180,0.9528584,person
5,214,500,98,538,180,0.90247285,person
5,215,503,98,537,177,0.8164399,person
5,216,502,98,537,176,0.81076795,person
5,217,505,97,539,176,0.8595473,person
5,218,504,96,541,176,0.9352486,person
5,219,506,98,542,175,0.8563789,person
5,220,507,94,541,176,0.6756759,person
5,221,508,95,539,175,0.53521204,person
5,223,514,97,544,173,0.58007586,person
5,224,513,97,545,175,0.8696448,person
5,225,513,96,548,174,0.5692304,person
5,229,520,93,550,175,0.75638384,person
5,230,518,94,551,169,0.83546406,person
5,231,520,92,553,176,0.7842968,person
5,232,523,94,550,174,0.68827677,person
5,233,524,98,552,168,0.6057418,person
5,233,524,97,547,167,0.7497557,person
5,235,525,94,555,173,0.7420663,person
5,235,525,94,549,171,0.5169527,person
5,237,525,92,552,175,0.6846184,person
5,238,526,96,553,170,0.587228,person
5,238,529,95,553,168,0.5753784,person
5,243,531,90,554,161,0.53467757,person
5,244,533,102,556,160,0.5461289,person
5,245,534,101,556,161,0.67578626,person
5,375,532,92,555,149,0.5231912,person
5,377,532,91,554,151,0.67909247,person
5,383,525,91,548,152,0.70849484,person
5,386,521,93,545,150,0.6903482,person
5,390,519,92,542,155,0.82129854,person
5,392,516,95,540,155,0.72183955,person
5,396,514,95,539,156,0.66488594,person
5,397,510,94,537,151,0.6383986,person
5,398,513,96,540,156,0.81975156,person
5,399,511,95,536,152,0.7247695,person
5,401,515,96,539,155,0.5896643,person
5,402,514,98,540,156,0.7091494,person
5,403,514,88,544,159,0.7602994,person
5,403,514,95,542,157,0.791422,person
5,404,513,95,540,156,0.89771205,person
5,405,515,86,548,161,0.6088817,person
5,405,514,94,540,156,0.58391905,person
5,406,514,90,545,158,0.52995694,person
5,406,514,94,541,156,0.79192305,person
5,408,507,90,538,162,0.5782077,person
5,411,513,89,543,163,0.50637674,person
5,413,504,95,539,166,0.7550601,person
5,413,510,93,534,170,0.52722454,person
5,414,503,93,537,168,0.8490618,person
5,415,503,96,536,168,0.916994,person
5,416,505,93,537,170,0.8980967,person
5,417,504,93,535,171,0.8545285,person
5,418,503,95,536,171,0.84727603,person
5,419,501,95,536,173,0.8760331,person
5,420,501,94,536,173,0.9047004,person
5,421,501,96,536,173,0.9483003,person
5,422,503,93,537,173,0.91698414,person
5,423,504,96,538,173,0.9353197,person
5,424,503,99,536,174,0.9282391,person
5,425,502,95,536,174,0.9421347,person
5,426,500,94,536,175,0.93649626,person
5,427,501,97,536,174,0.9499154,person
5,428,502,97,535,175,0.96525437,person
5,429,501,97,536,174,0.95068264,person
5,430,502,98,536,175,0.95499086,person
5,431,499,97,536,176,0.9729788,person
5,432,500,99,536,177,0.9692037,person
5,433,498,101,536,178,0.9737505,person
5,434,499,97,537,180,0.9769276,person
5,435,498,99,533,180,0.980496,person
5,436,498,99,532,182,0.97478956,person
5,437,493,95,533,184,0.9863049,person
5,438,490,98,532,185,0.99262965,person
5,439,493,99,534,188,0.98787695,person
5,440,497,97,535,188,0.9866462,person
5,441,496,99,533,188,0.9931234,person
5,442,492,98,532,190,0.9766811,person
5,443,489,96,530,191,0.98960227,person
5,444,489,97,529,192,0.99215287,person
5,445,489,97,530,190,0.9782501,person
5,446,491,98,530,190,0.9806948,person
5,447,493,99,531,206,0.98626554,person
5,448,490,95,533,205,0.9750534,person
5,449,490,95,534,194,0.9880073,person
5,450,491,100,531,199,0.9920803,person
5,451,491,100,532,203,0.9764193,person
5,452,489,99,531,200,0.9921136,person
5,453,488,101,528,201,0.9948987,person
5,454,486,97,525,205,0.99450314,person
5,455,483,95,521,205,0.99595493,person
5,456,480,100,519,206,0.9977766,person
5,457,482,98,521,205,0.99353516,person
5,458,483,99,523,209,0.9965791,person
5,459,479,101,521,210,0.9974984,person
5,460,472,99,520,208,0.99664783,person
5,461,469,100,519,205,0.99700546,person
5,462,471,105,519,211,0.9979238,person
5,463,471,102,521,212,0.9948979,person
5,464,472,103,519,212,0.99658245,person
5,465,472,106,517,217,0.99501175,person
5,466,468,101,517,220,0.9958123,person
5,467,468,104,516,221,0.9917648,person
5,468,468,103,513,222,0.99167585,person
5,469,468,100,512,223,0.9866306,person
5,470,465,102,510,232,0.9870132,person
5,471,460,101,505,232,0.9971476,person
5,472,452,97,501,236,0.98439795,person
5,473,447,104,498,231,0.9906652,person
5,474,448,100,498,237,0.9920548,person
5,475,448,95,495,241,0.99630344,person
5,476,442,104,493,239,0.9955521,person
5,477,435,106,494,239,0.99590355,person
5,478,432,106,496,239,0.9967994,person
5,479,431,111,494,243,0.99325716,person
5,480,431,107,494,246,0.9967173,person
5,481,433,109,493,247,0.9959251,person
5,482,430,113,488,251,0.99283,person
5,483,425,111,487,249,0.99528116,person
5,484,423,111,487,252,0.9959915,person
5,485,423,114,487,258,0.98929954,person
5,486,428,111,488,263,0.9947431,person
5,487,426,113,487,260,0.9898846,person
5,488,424,118,485,265,0.9962386,person
5,489,418,112,482,264,0.9963874,person
5,490,412,117,479,268,0.9937541,person
5,491,415,115,477,279,0.9920549,person
5,492,415,113,477,278,0.99566877,person
5,493,411,119,470,276,0.9928225,person
5,494,409,119,469,290,0.99407226,person
5,495,402,112,470,283,0.9964997,person
5,496,397,121,470,292,0.995175,person
5,497,401,116,471,297,0.9947755,person
5,498,403,116,469,302,0.99411017,person
5,499,395,126,465,301,0.9931357,person
5,500,383,122,463,306,0.99860996,person
5,501,370,121,465,309,0.9961671,person
5,502,364,125,454,323,0.994826,person
5,503,366,117,447,329,0.9938424,person
5,504,365,128,438,320,0.991483,person
5,505,360,135,439,323,0.9933514,person
5,506,348,127,443,331,0.99828064,person
5,507,342,131,446,333,0.99815357,person
5,508,341,132,444,359,0.99641186,person
5,509,345,131,438,354,0.9873827,person
5,510,346,140,436,352,0.99312776,person
5,511,335,143,428,365,0.9274036,person
5,512,327,131,427,372,0.9920169,person
5,513,300,136,435,371,0.9260283,person
5,513,315,140,425,381,0.9925289,person
5,514,305,133,431,392,0.9794574,person
5,514,313,129,424,398,0.9991144,person
5,515,306,123,430,404,0.5595803,person
5,515,315,130,420,395,0.98728245,person
5,516,297,134,424,403,0.55525154,person
5,516,312,153,415,386,0.9855715,person
5,517,281,137,411,422,0.8298099,person
5,517,297,139,401,425,0.9817526,person
5,518,265,135,404,424,0.98972625,person
5,518,275,137,399,428,0.89794284,person
5,519,253,145,396,429,0.9702457,person
5,520,241,144,387,453,0.97202194,person
5,520,257,141,376,459,0.54702514,person
5,521,234,144,368,454,0.9024108,person
5,521,250,152,366,445,0.68821603,person
5,522,225,151,355,464,0.98588246,person
5,522,235,152,347,463,0.98917866,person
5,523,215,154,348,463,0.96759963,person
5,523,220,145,341,471,0.8503673,person
5,524,188,150,342,472,0.9979477,person
5,525,168,168,343,474,0.985699,person
5,526,175,164,333,470,0.8790813,person
5,527,171,165,318,474,0.9693219,person
5,528,161,179,303,471,0.8836396,person
5,529,147,177,303,470,0.936881,person
5,530,111,174,303,477,0.57612735,person
5,531,106,180,294,474,0.677677,person
5,532,106,176,287,476,0.8929858,person
5,533,105,192,272,479,0.7520366,person
5,534,87,204,270,474,0.8502322,person
5,535,62,201,283,476,0.9195335,person
5,536,27,210,281,478,0.9648663,person
5,537,32,219,271,477,0.89482117,person
5,538,32,211,265,477,0.91770625,person
5,539,28,230,260,478,0.8571412,person
5,540,10,257,244,473,0.9634256,person
5,541,1,238,241,473,0.99140954,person
5,542,3,275,230,471,0.9882628,person
5,543,5,277,228,471,0.9877419,person
5,544,5,275,231,473,0.9605612,person
6,104,12,273,194,471,0.77698725,person
6,105,7,248,264,478,0.9462798,person
6,106,27,266,291,479,0.61312556,person
6,107,60,226,295,479,0.87763655,person
6,108,75,215,299,480,0.9159384,person
6,109,118,224,337,483,0.5931108,person
6,110,143,202,352,482,0.9059183,person
6,111,156,199,379,484,0.93603116,person
6,112,185,202,397,478,0.9473874,person
6,113,199,177,401,478,0.94966626,person
6,114,220,194,389,479,0.75834155,person
6,115,240,193,404,482,0.95383275,person
6,116,253,171,430,475,0.9927523,person
6,117,255,170,441,476,0.9928367,person
6,118,252,169,455,476,0.97889656,person
6,119,283,166,456,472,0.9512883,person
6,120,302,169,456,476,0.94017947,person
6,121,317,165,465,479,0.8485483,person
6,122,319,143,470,474,0.9936689,person
6,123,321,139,478,483,0.9898096,person
6,124,327,145,467,465,0.99830896,person
6,124,335,158,461,453,0.85526186,person
6,125,327,143,463,463,0.9702137,person
6,125,339,137,455,466,0.9331447,person
6,126,336,148,471,454,0.93152446,person
6,126,348,148,467,454,0.93790627,person
6,127,358,147,489,425,0.9795989,person
6,127,367,144,478,431,0.99263555,person
6,128,359,139,499,426,0.99593115,person
6,128,371,129,486,438,0.984702,person
6,129,369,146,503,418,0.99833626,person
6,129,380,134,493,434,0.9986062,person
6,130,374,136,502,408,0.976674,person
6,130,387,135,502,406,0.9896857,person
6,131,382,125,516,406,0.856416,person
6,131,391,132,502,399,0.9838346,person
6,132,387,133,523,394,0.6546954,person
6,132,398,139,504,393,0.9861321,person
6,133,392,130,523,375,0.78204614,person
6,133,408,126,507,380,0.9805213,person
6,134,391,125,528,382,0.95688736,person
6,134,408,137,513,384,0.9969046,person
6,135,395,132,535,373,0.85471207,person
6,135,407,132,513,375,0.9979135,person
6,136,413,127,506,371,0.9930951,person
6,137,415,129,505,367,0.971794,person
6,138,418,132,505,358,0.9448722,person
6,139,413,126,506,339,0.9852211,person
6,140,412,130,505,340,0.9895358,person
6,141,414,126,503,339,0.9956371,person
6,142,416,127,501,330,0.9962515,person
6,143,418,129,501,331,0.9929844,person
6,144,416,129,499,323,0.9872396,person
6,145,412,122,494,312,0.9952336,person
6,146,411,125,495,311,0.9936878,person
6,147,413,126,495,308,0.99785775,person
6,148,417,124,496,304,0.9972263,person
6,149,424,129,496,300,0.9979453,person
6,151,431,126,500,292,0.9929416,person
6,152,433,130,501,293,0.9955948,person
6,153,434,122,500,290,0.9923718,person
6,154,432,126,503,284,0.9977235,person
6,155,434,119,513,279,0.9977483,person
6,156,443,115,505,280,0.99842644,person
6,157,442,119,506,279,0.99692494,person
6,158,442,120,501,275,0.9344008,dog
6,159,442,119,501,271,0.86071455,dog
6,160,437,121,496,267,0.99733025,person
6,161,439,121,495,263,0.61939543,person
6,162,436,114,493,259,0.9972072,person
6,163,433,120,494,259,0.8106661,dog
6,164,433,115,492,258,0.7839165,person
6,165,429,115,488,256,0.9813622,person
6,166,430,117,487,254,0.95657134,person
6,167,434,112,489,249,0.9955126,person
6,168,430,109,491,248,0.99328214,person
6,169,430,110,493,248,0.9878792,person
6,170,433,108,494,241,0.9929655,person
6,171,437,106,495,241,0.9955798,person
6,172,438,109,496,239,0.9931564,person
6,173,445,103,500,237,0.9856439,person
6,174,447,102,498,237,0.9941894,person
6,175,448,103,499,235,0.9930328,person
6,176,452,103,497,233,0.99545497,person
6,177,455,102,497,232,0.9957649,person
6,178,456,104,500,230,0.9947263,person
6,179,456,97,502,229,0.99066985,person
6,180,452,104,500,229,0.98517203,person
6,181,454,100,502,226,0.9904172,person
6,182,453,101,498,221,0.99665236,person
6,183,456,105,499,220,0.9961204,person
6,184,459,105,501,214,0.9920361,person
6,185,459,103,501,216,0.99594176,person
6,186,458,106,501,213,0.9920069,person
6,187,460,101,500,212,0.99576485,person
6,188,462,103,502,210,0.9963101,person
6,189,465,102,503,208,0.9935278,person
6,190,465,98,507,204,0.99627364,person
6,191,462,101,507,205,0.99318707,person
6,192,465,99,508,204,0.9929168,person
6,193,468,98,508,204,0.9960202,person
6,194,470,101,510,203,0.9910104,person
6,195,474,98,514,202,0.99171585,person
6,196,472,97,517,200,0.99491477,person
6,197,479,96,520,203,0.99383116,person
6,198,480,94,521,204,0.90910846,person
6,199,484,96,522,201,0.9866316,person
6,200,486,96,525,196,0.98181653,person
6,201,490,95,530,193,0.97723925,person
6,202,487,97,532,193,0.99345833,person
6,203,489,97,532,193,0.9941704,person
6,204,492,94,532,191,0.98423105,person
6,205,495,100,530,190,0.9893845,person
6,206,498,97,535,188,0.9715784,person
6,207,497,98,538,185,0.9832706,person
6,208,497,98,541,187,0.9875537,person
6,209,498,95,539,185,0.953296,person
6,210,500,99,536,186,0.9413003,person
6,211,502,100,536,184,0.85419714,person
6,212,501,97,538,181,0.95653874,person
6,213,499,100,538,180,0.9618018,person
6,214,500,97,537,180,0.94378906,person
6,215,503,96,537,178,0.8966733,person
6,216,502,100,537,178,0.9150582,person
6,217,503,96,538,175,0.89968526,person
6,218,503,96,540,176,0.97148025,person
6,219,503,96,542,175,0.9581745,person
6,220,504,95,541,177,0.92717344,person
6,221,507,95,538,174,0.59237623,person
6,222,507,96,539,173,0.67925024,person
6,223,513,96,542,174,0.7764849,person
6,224,512,94,545,174,0.92834795,person
6,225,513,99,546,173,0.69680554,person
6,227,517,95,547,172,0.5581185,person
6,229,519,92,549,175,0.91284734,person
6,230,518,95,551,171,0.88452595,person
6,231,518,90,554,173,0.78730226,person
6,232,522,94,549,172,0.7779572,person
6,233,523,96,550,167,0.7672192,person
6,233,524,93,547,170,0.86449873,person
6,235,523,93,555,171,0.81896555,person
6,237,525,91,553,172,0.5747302,person
6,238,527,95,554,168,0.77916414,person
6,238,528,96,554,167,0.693749,person
6,239,530,100,556,164,0.7742665,person
6,241,528,92,559,160,0.6174403,person
6,241,529,93,556,161,0.6281509,person
6,243,528,91,557,161,0.52919817,person
6,243,531,89,555,162,0.8098657,person
6,244,532,101,557,161,0.8373433,person
6,245,528,91,557,161,0.5804184,person
6,245,533,95,557,159,0.76770866,person
6,249,535,97,559,155,0.51257193,person
6,250,537,98,560,156,0.78659976,person
6,251,538,97,560,155,0.6389896,person
6,257,538,97,560,150,0.5006326,person
6,258,536,97,561,155,0.60896754,person
6,267,561,91,595,121,0.51046723,car
6,269,562,92,594,119,0.6024774,car
6,271,563,89,595,122,0.7121031,car
6,289,565,89,595,123,0.51837593,car
6,318,565,89,594,122,0.6303097,car
6,383,525,91,548,152,0.58925664,person
6,385,523,94,546,152,0.50009024,person
6,386,517,92,550,151,0.5519043,person
6,386,520,94,546,152,0.87622803,person
6,387,519,93,544,151,0.557134,person
6,390,519,93,543,153,0.64678615,person
6,391,516,91,543,154,0.75259763,person
6,392,514,93,546,153,0.53701544,person
6,392,515,96,542,154,0.9458385,person
6,393,516,93,541,151,0.9033143,person
6,394,516,90,541,153,0.7234327,person
6,395,516,97,540,152,0.89717925,person
6,396,514,95,539,156,0.67882663,person
6,397,513,94,545,154,0.5865975,person
6,397,513,94,541,154,0.844948,person
6,398,511,93,544,158,0.84908533,person
6,398,512,96,541,157,0.9002146,person
6,399,514,93,546,157,0.59511536,person
6,399,513,95,540,156,0.91096103,person
6,400,513,93,547,157,0.5733059,person
6,400,514,93,539,158,0.8324072,person
6,401,514,96,540,156,0.77061087,person
6,402,513,97,540,154,0.6300744,person
6,403,507,88,540,159,0.6408826,person
6,403,513,95,541,157,0.80423725,person
6,404,514,87,547,160,0.6837154,person
6,404,514,96,542,157,0.86723375,person
6,405,515,84,547,164,0.67267364,person
6,405,514,94,542,157,0.5371427,person
6,406,515,87,547,162,0.83825326,person
6,406,515,92,543,159,0.6117609,person
6,408,505,92,539,160,0.60338867,person
6,410,504,95,537,166,0.59302115,person
6,410,511,95,536,166,0.7425793,person
6,412,511,95,537,169,0.6584029,person
6,413,506,96,538,167,0.82750684,person
6,413,510,92,536,172,0.7960816,person
6,414,503,92,537,169,0.9413525,person
6,415,503,94,536,170,0.9688509,person
6,415,450,91,477,141,0.5042611,person
6,416,504,94,538,169,0.94830346,person
6,417,502,91,535,170,0.8547424,person
6,418,503,94,536,172,0.9198489,person
6,418,421,90,447,139,0.6604984,person
6,419,501,93,536,170,0.9557575,person
6,419,413,91,436,141,0.82485807,person
6,420,499,91,536,173,0.95891315,person
6,421,501,95,536,173,0.95140773,person
6,422,502,94,537,172,0.9536896,person
6,423,504,92,538,173,0.96527517,person
6,424,503,99,537,173,0.9633392,person
6,425,500,93,537,174,0.97216785,person
6,426,500,93,535,175,0.96701825,person
6,427,500,96,536,175,0.97225964,person
6,428,502,95,536,175,0.970686,person
6,429,501,95,537,176,0.9765222,person
6,430,501,97,536,176,0.9705324,person
6,431,501,96,537,178,0.98036784,person
6,432,499,96,537,178,0.98200196,person
6,433,498,98,536,179,0.98276764,person
6,434,498,95,536,182,0.98584104,person
6,435,499,96,535,181,0.98527193,person
6,436,499,99,533,181,0.9816156,person
6,437,495,95,533,184,0.9904608,person
6,438,491,96,533,186,0.9933954,person
6,439,491,97,534,188,0.99382985,person
6,440,495,96,534,187,0.9916796,person
6,441,496,97,533,189,0.99197346,person
6,442,494,97,532,191,0.9871574,person
6,443,490,94,532,192,0.98197556,person
6,444,488,95,530,192,0.99592423,person
6,445,487,96,531,192,0.9871691,person
6,446,491,94,531,189,0.98890334,person
6,447,491,96,532,191,0.992527,person
6,448,490,95,531,203,0.9821112,person
6,449,489,95,533,194,0.98212516,person
6,450,490,100,531,200,0.9934588,person
6,451,490,100,532,199,0.98419976,person
6,452,488,95,530,203,0.9886441,person
6,453,488,101,528,201,0.99317735,person
6,454,485,98,526,204,0.9962352,person
6,455,483,93,521,204,0.99706155,person
6,456,480,99,520,206,0.99831915,person
6,457,482,98,522,206,0.99573493,person
6,458,481,98,523,207,0.9963233,person
6,459,480,100,522,209,0.9978402,person
6,460,471,100,520,208,0.9973412,person
6,461,471,101,519,207,0.99808514,person
6,462,469,104,516,212,0.99787784,person
6,463,471,100,521,211,0.9972184,person
6,464,472,102,519,214,0.99821526,person
6,465,473,104,517,218,0.9969741,person
6,466,468,100,517,221,0.9958091,person
6,467,468,102,516,219,0.9951901,person
6,468,468,103,514,224,0.9935058,person
6,469,467,101,512,223,0.99430513,person
6,470,465,101,509,227,0.98800117,person
6,471,461,101,506,235,0.99363726,person
6,472,454,93,502,235,0.9815691,person
6,473,447,104,498,230,0.9835841,person
6,474,446,104,502,233,0.9894365,person
6,475,449,96,496,239,0.9935418,person
6,476,443,104,493,238,0.9933319,person
6,477,437,106,494,240,0.99685323,person
6,478,432,105,496,239,0.9968616,person
6,479,432,111,494,243,0.99550724,person
6,480,432,108,495,243,0.9960684,person
6,481,432,108,493,247,0.99608415,person
6,482,433,112,490,249,0.99228907,person
6,483,427,110,486,247,0.99605453,person
6,484,424,109,486,253,0.9958338,person
6,485,422,116,485,256,0.99245656,person
6,486,427,112,487,261,0.992623,person
6,487,426,113,486,261,0.99721366,person
6,488,424,118,485,263,0.9967983,person
6,489,416,113,483,266,0.9978981,person
6,490,412,118,479,270,0.9980152,person
6,491,413,118,477,278,0.9954212,person
6,492,414,113,477,276,0.99802667,person
6,493,414,115,475,279,0.99491525,person
6,494,409,117,468,282,0.9862056,person
6,495,402,110,472,281,0.9934316,person
6,496,398,122,470,290,0.996625,person
6,497,402,119,472,295,0.9958899,person
6,498,403,118,470,295,0.9915705,person
6,499,397,127,467,299,0.9966367,person
6,500,384,125,463,303,0.99638283,person
6,501,372,122,463,308,0.99815196,person
6,502,366,124,453,312,0.996036,person
6,503,366,122,449,312,0.990434,person
6,504,365,125,441,310,0.99431044,person
6,505,363,133,438,322,0.9955938,person
6,506,351,129,442,331,0.9974524,person
6,507,340,124,445,339,0.99555916,person
6,508,340,130,444,358,0.98743933,person
6,509,344,131,442,355,0.9244642,person
6,510,346,137,438,353,0.99336225,person
6,511,337,143,428,364,0.94956267,person
6,512,327,131,429,373,0.9802878,person
6,513,301,137,438,371,0.9454005,person
6,513,314,125,425,381,0.9877391,person
6,514,300,141,432,390,0.96357787,person
6,514,312,128,424,403,0.9975276,person
6,515,316,126,419,399,0.978387,person
6,516,298,129,427,404,0.58957857,person
6,516,311,148,416,390,0.9706071,person
6,517,281,137,412,420,0.541287,person
6,517,297,126,405,440,0.95425147,person
6,518,267,133,403,420,0.9336526,person
6,518,279,135,399,433,0.8083969,person
6,519,251,142,397,430,0.9967181,person
6,519,262,134,386,441,0.575297,person
6,520,246,146,388,452,0.9844005,person
6,521,233,143,372,435,0.9534823,person
6,521,248,148,367,429,0.73515916,person
6,522,226,148,359,458,0.94847053,person
6,522,238,144,352,462,0.95403516,person
6,523,216,153,352,463,0.94152516,person
6,523,222,154,342,461,0.8416882,person
6,524,193,149,343,472,0.9959897,person
6,525,173,170,342,466,0.97858214,person
6,526,173,171,333,466,0.5450248,person
6,527,171,169,321,467,0.69901407,person
6,528,162,176,307,471,0.8648608,person
6,529,149,177,298,470,0.6415067,person
6,530,114,173,305,470,0.5597758,person
6,532,110,176,286,474,0.59549546,person
6,533,103,177,276,479,0.5731067,person
6,534,93,201,273,479,0.9008522,person
6,535,62,210,284,476,0.59793454,person
6,536,25,200,282,480,0.98252153,person
6,537,28,221,279,476,0.8114179,person
6,538,31,214,270,475,0.7640872,person
6,539,29,228,265,478,0.850335,person
6,540,8,253,247,475,0.8920035,person
6,541,2,241,239,473,0.97363585,person
6,542,5,265,233,476,0.94596255,person
6,543,7,282,231,474,0.971261,person
6,544,4,267,202,476,0.9360502,person
