2,00109,531,314,718,478,0.5206077,person
2,00110,522,315,713,479,0.7503646,person
2,00111,498,269,696,479,0.93569064,person
2,00112,474,269,702,477,0.95968455,person
2,00113,498,250,682,479,0.9438991,person
2,00114,481,234,677,482,0.9970543,person
2,00115,467,239,661,478,0.9969496,person
2,00116,467,215,628,482,0.99183565,person
2,00117,459,212,629,478,0.9942435,person
2,00118,459,208,627,480,0.9962105,person
2,00119,455,197,614,478,0.9950423,person
2,00119,470,211,598,464,0.5463709,person
2,00120,448,199,608,480,0.99105024,person
2,00121,438,197,593,483,0.99596477,person
2,00122,428,183,577,475,0.98683435,person
2,00122,526,317,589,467,0.57881963,handbag
2,00123,403,196,562,478,0.99441516,person
2,00123,505,304,577,462,0.5956297,handbag
2,00124,391,178,539,462,0.9917062,person
2,00124,400,183,518,456,0.97234875,person
2,00125,385,176,539,462,0.99005497,person
2,00125,391,184,519,455,0.85353935,person
2,00126,363,181,506,449,0.980406,person
2,00126,378,187,492,447,0.9594173,person
2,00127,340,167,495,450,0.99662286,person
2,00127,350,168,486,443,0.911918,person
2,00128,344,175,485,445,0.99335575,person
2,00128,351,186,468,429,0.9866184,person
2,00129,341,172,485,426,0.97363794,person
2,00129,352,180,463,419,0.9917225,person
2,00130,340,166,478,413,0.9626361,person
2,00130,347,173,459,408,0.9815077,person
2,00131,326,165,469,410,0.9724596,person
2,00131,332,174,451,400,0.99395,person
2,00132,305,158,448,401,0.915139,person
2,00132,326,167,434,399,0.99861526,person
2,00133,306,162,444,396,0.663942,person
2,00133,321,164,427,402,0.9960221,person
2,00133,399,303,446,370,0.5373346,handbag
2,00134,320,155,421,379,0.9991011,person
2,00135,287,147,429,378,0.8807797,person
2,00135,300,157,410,371,0.99732876,person
2,00136,295,158,397,367,0.9913081,person
2,00137,292,155,387,365,0.9990783,person
2,00138,288,154,389,367,0.9980673,person
2,00139,289,144,383,352,0.99770004,person
2,00140,272,150,377,345,0.99472916,person
2,00140,347,275,392,340,0.63801837,surfboard
2,00142,284,163,353,337,0.97254455,person
2,00143,290,155,361,337,0.9860349,person
2,00144,283,149,366,324,0.98357105,person
2,00145,262,148,365,322,0.9969273,person
2,00146,274,151,360,321,0.9907264,person
2,00147,259,144,363,326,0.98591554,person
2,00148,279,144,347,324,0.95564693,person
2,00150,264,158,365,339,0.5552442,dog
2,00154,266,172,370,331,0.50849396,dog
2,00155,272,152,360,320,0.7530782,cat
2,00156,289,149,355,321,0.8927178,cat
2,00157,305,146,370,324,0.63942397,dog
2,00158,313,154,389,320,0.7833162,cat
2,00159,323,138,385,316,0.90186274,person
2,00160,327,146,399,289,0.9944296,person
2,00161,327,146,397,279,0.5076746,dog
2,00162,334,142,398,279,0.9727155,person
2,00163,334,140,395,276,0.9932141,person
2,00164,326,129,384,266,0.9538749,person
2,00165,320,130,386,268,0.9892419,person
2,00166,324,135,377,252,0.84238195,dog
2,00167,324,132,375,252,0.9608964,person
2,00168,324,140,375,249,0.84331226,person
2,00169,327,130,372,249,0.80906886,dog
2,00170,327,136,377,242,0.5358522,dog
2,00171,326,122,374,236,0.9692138,person
2,00172,329,138,377,236,0.6176441,dog
2,00174,324,126,375,227,0.9320809,person
2,00176,322,126,368,225,0.925555,person
2,00177,317,129,367,221,0.9101494,dog
2,00178,314,127,359,225,0.8787563,person
2,00181,307,119,349,217,0.96216655,person
2,00182,304,131,348,215,0.6093937,dog
2,00183,301,116,342,210,0.8059119,person
2,00184,307,123,345,216,0.94432294,person
2,00185,309,122,344,215,0.8647497,person
2,00186,307,125,346,212,0.8993773,person
2,00187,305,117,341,209,0.7902247,person
2,00191,293,120,336,204,0.62220854,person
2,00194,293,117,326,202,0.57004714,person
2,00197,284,116,320,196,0.5378119,person
2,00297,292,116,325,198,0.57202667,person
2,00299,291,109,326,203,0.7709355,person
2,00300,291,115,328,205,0.7570987,person
2,00302,293,116,329,207,0.56122833,person
2,00304,293,115,329,209,0.82494754,person
2,00305,292,120,334,219,0.73252106,person
2,00306,294,117,329,218,0.8546602,person
2,00307,294,120,329,217,0.81643146,person
2,00309,293,123,330,217,0.9556707,person
2,00310,292,120,332,222,0.8468272,person
2,00311,293,117,329,225,0.95158494,person
2,00312,292,122,330,221,0.8251615,person
2,00314,291,124,333,221,0.9852341,person
2,00315,293,125,334,231,0.9525434,person
2,00316,293,123,334,226,0.9776787,person
2,00317,294,126,335,229,0.9565014,person
2,00318,295,123,334,232,0.98509115,person
2,00319,295,125,337,234,0.9879802,person
2,00320,298,125,340,237,0.9824596,person
2,00321,297,125,342,235,0.95080143,person
2,00322,298,121,341,252,0.9686168,person
2,00323,298,119,341,252,0.97232205,person
2,00324,299,124,345,251,0.99273574,person
2,00325,299,124,347,253,0.9744485,person
2,00326,300,124,346,251,0.9816371,person
2,00327,299,126,345,253,0.9888781,person
2,00328,299,121,345,254,0.9907298,person
2,00329,301,127,352,263,0.99252224,person
2,00330,304,128,353,257,0.99043405,person
2,00331,303,126,353,261,0.9846078,person
2,00332,298,132,355,266,0.98312825,person
2,00333,300,128,355,267,0.9907532,person
2,00334,306,135,366,274,0.9970628,person
2,00335,309,131,365,282,0.99614453,person
2,00336,311,130,364,281,0.99545527,person
2,00337,313,131,365,284,0.99485207,person
2,00338,312,129,367,291,0.99673724,person
2,00339,313,135,383,289,0.99646014,person
2,00340,316,131,382,294,0.99225634,person
2,00341,313,134,370,291,0.9944261,person
2,00342,307,136,370,315,0.99548453,person
2,00343,311,130,370,321,0.9951207,person
2,00344,310,144,384,317,0.9956033,person
2,00345,313,137,379,320,0.99465,person
2,00346,311,144,377,321,0.99499357,person
2,00347,309,148,374,323,0.99571896,person
2,00348,309,145,375,325,0.99800915,person
2,00349,303,151,383,337,0.9965746,person
2,00350,308,156,377,333,0.99485636,person
2,00358,307,154,373,334,0.9957184,person
2,00359,299,151,380,323,0.9666686,person
2,00360,274,177,325,240,0.874258,handbag
2,00360,302,150,391,326,0.9584592,person
2,00361,277,179,324,235,0.7030349,handbag
2,00361,303,148,389,325,0.96436137,person
2,00362,298,174,339,237,0.80358,handbag
2,00362,309,149,391,333,0.99700797,person
2,00363,320,149,387,335,0.9967609,person
2,00364,315,151,386,339,0.994986,person
2,00365,316,142,392,341,0.99920416,person
2,00366,324,172,398,350,0.7294343,dog
2,00367,327,182,366,234,0.59607565,handbag
2,00367,337,150,405,350,0.98032963,person
2,00367,326,179,355,234,0.5779287,handbag
2,00368,330,168,412,359,0.67335075,cat
2,00369,333,161,413,369,0.9977635,person
2,00370,335,159,425,370,0.9974552,person
2,00371,337,168,426,392,0.9974535,person
2,00372,346,164,435,394,0.99708456,person
2,00373,345,167,439,417,0.9974249,person
2,00374,352,166,439,416,0.99494797,person
2,00375,336,171,476,447,0.9914192,person
2,00375,347,179,462,435,0.99343544,person
2,00376,346,174,482,446,0.9119137,person
2,00376,368,170,469,445,0.9971678,person
2,00377,359,176,490,455,0.70961857,person
2,00377,376,176,476,459,0.9980265,person
2,00378,367,189,496,464,0.91079646,person
2,00378,383,190,485,464,0.9980256,person
2,00379,373,181,501,472,0.9889377,person
2,00379,394,180,501,473,0.99572045,person
2,00380,383,199,526,481,0.99584657,person
2,00380,397,212,515,465,0.97531253,person
2,00381,397,197,541,476,0.99510545,person
2,00381,423,175,531,496,0.91754645,person
2,00382,423,211,558,476,0.9819707,person
2,00382,446,216,558,470,0.98448646,person
2,00383,436,211,574,479,0.9950419,person
2,00383,449,210,568,477,0.98877025,person
2,00384,439,214,595,477,0.98326737,person
2,00385,461,223,609,478,0.95836776,person
2,00386,481,228,648,474,0.96689594,person
2,00387,494,270,665,475,0.94339097,person
2,00388,508,263,674,480,0.93657225,person
3,00108,535,322,715,473,0.83352184,person
3,00109,528,311,711,477,0.9809258,person
3,00110,501,274,697,477,0.9404041,person
3,00111,474,268,697,477,0.9810624,person
3,00112,493,260,685,481,0.9809345,person
3,00113,486,235,677,483,0.9981856,person
3,00114,466,240,668,479,0.9981908,person
3,00115,465,216,630,480,0.9964424,person
3,00116,457,218,630,478,0.99739826,person
3,00117,458,205,628,480,0.99581134,person
3,00118,462,195,617,477,0.9923377,person
3,00119,448,201,608,479,0.98354536,person
3,00119,455,203,576,472,0.61244535,person
3,00119,556,330,631,472,0.6343183,handbag
3,00120,438,194,598,483,0.99538887,person
3,00121,428,181,577,474,0.9979105,person
3,00121,432,188,554,462,0.701623,person
3,00121,530,313,594,470,0.5579954,handbag
3,00122,405,192,567,477,0.9944163,person
3,00122,507,304,582,462,0.61176753,handbag
3,00123,391,180,542,469,0.99587595,person
3,00123,403,170,519,478,0.9372062,person
3,00124,387,180,532,469,0.9912533,person
3,00124,393,188,518,460,0.9711117,person
3,00125,377,176,518,466,0.9697934,person
3,00125,380,188,494,454,0.98990434,person
3,00126,343,171,492,448,0.99774724,person
3,00126,355,166,483,447,0.9873277,person
3,00126,447,332,505,415,0.6668243,handbag
3,00127,344,173,488,444,0.99750555,person
3,00127,348,179,469,436,0.9663145,person
3,00128,342,167,488,430,0.98270243,person
3,00128,353,171,463,428,0.9903348,person
3,00129,337,164,475,412,0.9777335,person
3,00129,347,168,458,412,0.9895517,person
3,00130,328,167,467,411,0.9774157,person
3,00130,336,179,447,401,0.99822706,person
3,00131,310,155,446,407,0.97466844,person
3,00131,325,166,434,399,0.99802834,person
3,00132,305,152,442,401,0.9113636,person
3,00132,321,162,428,401,0.9976311,person
3,00132,402,302,448,373,0.5932516,handbag
3,00133,324,153,422,380,0.9986169,person
3,00134,294,150,430,375,0.6306669,person
3,00134,301,155,424,371,0.9982349,person
3,00135,295,158,401,368,0.9968136,person
3,00136,274,143,418,361,0.6949525,person
3,00136,290,144,393,364,0.99898314,person
3,00136,365,270,405,340,0.6240832,surfboard
3,00137,272,143,421,355,0.55581,person
3,00137,288,147,392,358,0.9970918,person
3,00137,359,275,401,343,0.77572316,surfboard
3,00138,292,143,380,355,0.9990025,person
3,00139,275,153,374,343,0.99668837,person
3,00139,349,277,393,343,0.9530616,surfboard
3,00140,271,161,363,339,0.9959364,person
3,00141,285,162,353,336,0.9933754,person
3,00141,339,280,384,337,0.5362315,handbag
3,00142,291,154,359,337,0.98725665,person
3,00143,290,141,384,328,0.8724614,cat
3,00143,291,142,385,341,0.8657245,person
3,00144,267,146,365,324,0.9882668,person
3,00145,276,153,367,331,0.97167706,person
3,00146,262,148,370,322,0.99655795,person
3,00147,279,145,353,322,0.9681326,person
3,00148,276,145,343,327,0.9079042,person
3,00149,268,159,364,336,0.66500306,person
3,00152,228,37,389,353,0.56541884,person
3,00153,267,186,371,338,0.5535505,person
3,00155,287,157,361,334,0.6314294,person
3,00156,303,135,372,330,0.82589316,cat
3,00157,313,149,386,320,0.891584,cat
3,00158,317,132,384,320,0.9924003,person
3,00159,328,137,400,296,0.99628365,person
3,00160,319,133,389,288,0.67139107,person
3,00161,333,136,394,278,0.9921787,person
3,00162,334,138,392,277,0.84542245,person
3,00163,324,124,385,271,0.9985677,person
3,00164,319,128,385,265,0.9928241,person
3,00165,316,126,383,255,0.7587656,dog
3,00166,317,122,382,257,0.99256927,person
3,00167,323,129,374,249,0.9718847,person
3,00168,324,119,372,253,0.9567692,person
3,00169,326,122,376,248,0.9718168,person
3,00170,324,120,375,240,0.98719645,person
3,00171,328,126,375,234,0.98373574,person
3,00172,329,117,373,228,0.98358405,person
3,00173,323,122,376,225,0.9727127,person
3,00174,327,118,366,224,0.97506535,person
3,00175,323,121,366,223,0.981397,person
3,00176,318,122,368,222,0.9861257,person
3,00177,311,124,362,220,0.9699805,person
3,00178,317,115,353,221,0.9363431,person
3,00179,316,116,354,222,0.9643896,person
3,00180,306,116,350,219,0.97227865,person
3,00181,302,125,350,216,0.59018594,person
3,00182,298,122,345,215,0.6041288,person
3,00183,303,122,348,215,0.921467,person
3,00184,309,119,347,217,0.94356954,person
3,00185,305,120,348,213,0.9349649,person
3,00186,305,120,345,217,0.83691806,person
3,00187,305,118,341,206,0.889861,person
3,00188,304,118,339,205,0.6318693,person
3,00189,305,116,337,205,0.6533446,person
3,00190,296,110,336,206,0.9475013,person
3,00191,292,113,333,207,0.78492725,person
3,00192,291,108,326,206,0.95581895,person
3,00193,292,111,326,204,0.94697464,person
3,00194,291,110,326,204,0.93264884,person
3,00195,292,106,321,200,0.96751523,person
3,00196,286,113,318,199,0.7807532,person
3,00197,285,105,317,202,0.8897685,person
3,00198,284,111,317,199,0.8792004,person
3,00199,290,112,325,201,0.53917056,person
3,00200,284,104,315,200,0.8751141,person
3,00201,283,108,316,206,0.871746,person
3,00202,282,107,314,197,0.85327,person
3,00203,281,106,314,196,0.88517565,person
3,00204,283,109,313,199,0.89123595,person
3,00205,281,103,312,208,0.9230569,person
3,00206,280,106,312,209,0.75019026,person
3,00207,273,110,309,192,0.55528224,person
3,00208,273,101,306,184,0.6916281,person
3,00211,270,105,306,182,0.51824933,person
3,00236,249,104,272,166,0.603749,person
3,00286,295,108,329,181,0.7370854,person
3,00291,296,108,329,193,0.81674784,person
3,00293,294,107,326,203,0.60335994,person
3,00294,290,110,329,203,0.8612077,person
3,00296,290,109,325,203,0.87394196,person
3,00297,291,109,327,204,0.55339015,person
3,00298,291,110,329,205,0.9354235,person
3,00299,291,112,329,206,0.8954863,person
3,00300,291,111,329,204,0.9556906,person
3,00301,292,114,326,204,0.9417899,person
3,00302,292,110,326,209,0.81387407,person
3,00303,293,112,328,209,0.97298056,person
3,00304,292,114,332,213,0.95749253,person
3,00305,293,110,330,216,0.9562816,person
3,00306,292,120,333,218,0.92044765,person
3,00307,293,115,329,221,0.94725376,person
3,00308,291,117,330,220,0.98326087,person
3,00309,291,116,330,224,0.9868626,person
3,00310,293,113,329,224,0.9844824,person
3,00311,293,120,328,222,0.9832705,person
3,00312,292,114,330,225,0.9800223,person
3,00313,290,122,333,220,0.9945822,person
3,00314,292,123,334,225,0.9930436,person
3,00315,292,120,333,225,0.99458206,person
3,00316,292,126,338,225,0.98079884,person
3,00317,294,121,335,228,0.9913172,person
3,00318,294,126,338,230,0.9961315,person
3,00319,297,126,340,234,0.98994166,person
3,00320,298,121,343,236,0.9956424,person
3,00321,296,121,341,251,0.98839676,person
3,00322,298,120,340,243,0.9885273,person
3,00323,296,123,345,248,0.9946346,person
3,00324,296,122,347,252,0.9929132,person
3,00325,298,122,346,251,0.99417835,person
3,00326,299,126,345,255,0.99159145,person
3,00327,298,123,345,253,0.99507797,person
3,00328,296,128,357,257,0.9933104,person
3,00329,303,124,353,261,0.99347425,person
3,00330,300,126,356,261,0.99453837,person
3,00331,299,127,354,293,0.99270886,person
3,00332,300,128,355,267,0.991376,person
3,00333,305,131,364,268,0.99836534,person
3,00334,307,130,365,269,0.997052,person
3,00335,311,127,365,272,0.9929946,person
3,00336,311,130,364,283,0.997448,person
3,00337,312,128,366,285,0.99718726,person
3,00338,310,133,381,288,0.9970199,person
3,00339,316,130,382,290,0.9960597,person
3,00340,314,130,372,295,0.9973034,person
3,00341,307,140,370,309,0.9968547,person
3,00342,310,129,367,306,0.99792415,person
3,00343,308,142,381,313,0.9962393,person
3,00344,315,139,381,316,0.995659,person
3,00345,313,139,376,319,0.99578315,person
3,00346,309,147,376,323,0.9974688,person
3,00347,307,144,372,325,0.9980887,person
3,00348,304,150,384,336,0.9951712,person
3,00349,308,155,380,335,0.99796253,person
3,00350,306,164,377,336,0.9969065,person
3,00351,301,182,371,326,0.5119212,cat
3,00352,291,220,364,342,0.77182966,person
3,00354,304,207,370,333,0.6660854,horse
3,00355,302,172,376,334,0.6324364,cat
3,00356,306,154,375,320,0.5458216,cat
3,00357,309,156,376,331,0.99804157,person
3,00358,302,150,380,322,0.9914257,person
3,00359,275,178,327,247,0.8348828,backpack
3,00359,275,174,336,249,0.5713988,handbag
3,00359,302,146,392,330,0.99184793,person
3,00360,279,161,337,237,0.6307254,handbag
3,00360,303,146,388,327,0.99227554,person
3,00361,293,159,345,235,0.85041726,handbag
3,00361,304,143,389,330,0.99819547,person
3,00362,318,145,387,336,0.99659145,person
3,00363,316,149,388,339,0.99377894,person
3,00364,316,139,391,343,0.9979931,person
3,00365,324,155,402,351,0.9968281,person
3,00366,336,149,401,352,0.9919459,person
3,00367,327,163,413,359,0.98132354,person
3,00368,336,160,412,367,0.9985043,person
3,00369,332,152,423,373,0.996926,person
3,00370,336,167,425,390,0.99643695,person
3,00371,339,158,428,400,0.99413246,person
3,00372,345,166,440,415,0.99891675,person
3,00373,345,163,438,420,0.9976433,person
3,00373,379,194,387,204,0.58984244,cell phone
3,00374,333,166,470,434,0.99170417,person
3,00374,345,176,456,425,0.9953391,person
3,00375,346,177,478,444,0.96418947,person
3,00375,367,179,470,438,0.997704,person
3,00376,355,176,485,446,0.76179755,person
3,00376,373,175,474,442,0.9988928,person
3,00377,363,188,494,468,0.89410263,person
3,00377,382,190,481,466,0.9986932,person
3,00378,370,178,500,472,0.9924052,person
3,00378,390,181,501,468,0.99402094,person
3,00379,379,193,526,483,0.9976305,person
3,00379,394,202,514,475,0.97427386,person
3,00380,394,195,542,476,0.9961146,person
3,00380,406,194,524,479,0.64850944,person
3,00381,420,199,560,476,0.9931127,person
3,00381,431,202,555,475,0.98713255,person
3,00382,435,208,574,482,0.991526,person
3,00382,448,204,566,481,0.9668568,person
3,00383,439,207,591,481,0.98786765,person
3,00384,455,222,603,479,0.97715396,person
3,00385,482,223,643,478,0.97055036,person
3,00386,489,267,664,476,0.977847,person
3,00387,505,251,668,478,0.9870291,person
4,00109,534,309,712,473,0.9909659,person
4,00110,497,286,699,474,0.59438175,person
4,00111,479,270,699,478,0.98096055,person
4,00112,485,266,692,479,0.9886753,person
4,00113,488,234,680,482,0.9972203,person
4,00114,467,239,678,479,0.99808615,person
4,00115,469,227,654,475,0.96412146,person
4,00116,459,215,633,479,0.99387515,person
4,00117,454,207,632,480,0.9957464,person
4,00118,462,196,621,477,0.97262377,person
4,00119,454,196,605,479,0.9768057,person
4,00119,458,205,573,443,0.5996236,person
4,00119,555,325,630,475,0.6077518,handbag
4,00120,438,197,599,481,0.99055016,person
4,00121,428,182,580,475,0.99556535,person
4,00121,531,320,598,466,0.6070273,handbag
4,00122,407,192,567,477,0.98977154,person
4,00122,450,217,469,234,0.7349668,cell phone
4,00123,395,178,554,466,0.98994863,person
4,00123,405,170,521,472,0.8619564,person
4,00123,494,351,561,450,0.58830196,handbag
4,00124,386,176,536,466,0.97336644,person
4,00124,394,175,516,467,0.853572,person
4,00125,378,177,523,465,0.96670073,person
4,00125,383,175,511,469,0.9325472,person
4,00126,343,165,499,446,0.9921439,person
4,00126,356,159,483,451,0.8717811,person
4,00126,448,333,508,417,0.6888972,handbag
4,00127,343,168,489,448,0.99584156,person
4,00127,351,164,467,450,0.95491594,person
4,00128,341,158,479,426,0.9662808,person
4,00128,351,169,460,427,0.96282953,person
4,00129,337,165,470,410,0.9537614,person
4,00129,345,167,456,413,0.9966716,person
4,00130,329,162,465,417,0.9643052,person
4,00130,336,171,449,408,0.99915826,person
4,00131,305,150,445,409,0.8173279,person
4,00131,324,162,431,404,0.993664,person
4,00132,306,151,443,399,0.9665348,person
4,00132,320,163,429,398,0.9961692,person
4,00133,309,143,439,389,0.7226559,person
4,00133,323,149,422,387,0.9981038,person
4,00133,396,286,441,367,0.51839775,handbag
4,00134,298,146,430,379,0.5494404,person
4,00134,306,153,421,375,0.99791336,person
4,00134,385,285,426,356,0.6273674,handbag
4,00135,296,164,401,366,0.9960311,person
4,00135,374,284,417,351,0.503807,umbrella
4,00136,293,151,393,369,0.99901235,person
4,00136,370,271,407,338,0.5208203,umbrella
4,00137,270,147,421,356,0.8058156,person
4,00137,287,149,394,359,0.99752164,person
4,00138,292,146,384,352,0.9979187,person
4,00139,279,150,374,340,0.9983307,person
4,00139,349,273,394,344,0.98211884,surfboard
4,00140,272,156,370,339,0.997712,person
4,00141,284,154,357,337,0.9919521,person
4,00141,339,278,385,337,0.6499729,handbag
4,00142,288,157,362,339,0.99560535,person
4,00142,323,276,379,340,0.50104165,handbag
4,00143,290,145,386,329,0.8347745,cat
4,00143,291,146,387,341,0.6629936,person
4,00144,269,141,367,325,0.99748677,person
4,00145,277,150,364,323,0.9879411,person
4,00146,263,148,368,323,0.99155784,person
4,00147,274,146,359,323,0.9921017,person
4,00148,279,145,348,326,0.98083925,person
4,00149,268,151,362,338,0.9759374,person
4,00150,263,164,365,338,0.579838,person
4,00151,254,195,369,341,0.86731833,person
4,00153,264,178,369,331,0.9381423,person
4,00154,274,165,360,329,0.9403817,person
4,00155,285,155,365,336,0.7986266,person
4,00156,302,146,378,339,0.89866954,person
4,00157,314,142,379,324,0.9584609,person
4,00158,316,134,384,315,0.99656117,person
4,00159,321,132,389,303,0.9914752,person
4,00160,330,129,395,293,0.9942279,person
4,00161,332,133,395,279,0.9974985,person
4,00162,336,131,391,280,0.9869001,person
4,00163,323,121,387,276,0.9976243,person
4,00164,321,123,382,300,0.9888096,person
4,00165,316,123,384,260,0.9969213,person
4,00166,316,125,383,257,0.9948866,person
4,00167,317,120,379,254,0.99126434,person
4,00168,317,123,379,253,0.97789097,person
4,00169,327,115,373,246,0.98691684,person
4,00170,324,117,376,240,0.99175304,person
4,00171,328,122,376,232,0.9931688,person
4,00172,329,117,374,233,0.9906968,person
4,00173,322,121,375,227,0.98292285,person
4,00174,327,118,372,226,0.99476373,person
4,00175,322,120,366,221,0.98442423,person
4,00176,319,119,368,225,0.99379545,person
4,00177,311,121,365,220,0.98832273,person
4,00178,316,113,354,223,0.97998303,person
4,00179,315,117,354,224,0.9241186,person
4,00180,304,115,352,219,0.9811101,person
4,00181,302,121,347,219,0.96746725,person
4,00182,296,122,348,215,0.6246366,dog
4,00183,301,119,349,215,0.97841245,person
4,00184,306,118,348,217,0.9768686,person
4,00185,303,112,346,213,0.9797569,person
4,00186,302,115,345,213,0.9379547,person
4,00187,301,113,342,209,0.9725654,person
4,00188,302,113,342,206,0.9827945,person
4,00189,303,114,339,206,0.96053296,person
4,00190,297,113,337,204,0.9785329,person
4,00191,291,113,334,205,0.98181015,person
4,00192,290,110,325,204,0.9867527,person
4,00193,290,112,325,203,0.9773248,person
4,00194,291,110,329,208,0.9543644,person
4,00195,289,104,324,201,0.9701518,person
4,00196,286,114,318,202,0.90409154,person
4,00197,284,106,315,205,0.9426553,person
4,00198,285,108,319,202,0.96225566,person
4,00199,286,109,317,206,0.92412657,person
4,00200,285,103,317,203,0.98132604,person
4,00201,283,107,316,196,0.9725924,person
4,00202,281,106,312,198,0.96744263,person
4,00203,281,104,315,202,0.9497643,person
4,00204,282,105,316,214,0.97398955,person
4,00205,282,105,311,207,0.9643517,person
4,00206,278,107,311,208,0.8635317,person
4,00207,273,110,311,199,0.8620846,person
4,00208,275,101,309,207,0.80016947,person
4,00209,275,106,307,198,0.8088003,person
4,00210,274,104,310,204,0.90487164,person
4,00211,267,103,302,200,0.9232663,person
4,00212,267,107,302,194,0.8956254,person
4,00213,265,101,300,184,0.78892505,person
4,00214,266,103,303,211,0.8600949,person
4,00215,265,103,302,206,0.84612596,person
4,00216,265,105,300,181,0.87618744,person
4,00217,265,105,299,180,0.5789061,person
4,00218,263,102,300,182,0.5179679,person
4,00219,263,104,305,180,0.7498168,person
4,00220,261,103,305,181,0.8294691,person
4,00221,263,105,284,178,0.7004318,person
4,00223,255,103,289,181,0.6451042,person
4,00224,256,104,288,179,0.6231538,person
4,00225,253,103,288,179,0.6687429,person
4,00226,254,102,285,177,0.6986309,person
4,00227,257,110,279,173,0.525,person
4,00228,251,103,284,177,0.68178296,person
4,00229,253,103,285,175,0.51072156,person
4,00229,256,108,279,173,0.6104209,person
4,00231,249,103,282,172,0.5393216,person
4,00231,253,102,276,169,0.7246778,person
4,00233,253,104,276,165,0.7012282,person
4,00234,248,99,280,174,0.5110551,person
4,00234,254,99,275,170,0.53510076,person
4,00235,252,104,276,165,0.5480115,person
4,00236,249,102,273,168,0.8297359,person
4,00238,245,103,268,165,0.8091634,person
4,00239,243,102,266,166,0.53458464,person
4,00261,249,106,273,161,0.5877537,person
4,00262,261,97,283,168,0.6983202,person
4,00263,264,105,302,173,0.5761746,person
4,00263,266,105,291,165,0.69397473,person
4,00268,282,104,306,166,0.54933774,person
4,00271,276,104,309,180,0.5435335,person
4,00272,280,104,310,175,0.5156084,person
4,00273,281,103,313,175,0.64850104,person
4,00274,280,110,316,172,0.54366577,person
4,00275,284,106,315,175,0.78125054,person
4,00275,288,103,310,177,0.69802177,person
4,00276,286,104,316,180,0.7889203,person
4,00276,289,106,312,176,0.58344567,person
4,00278,291,106,322,179,0.6948605,person
4,00278,290,104,313,180,0.5650358,person
4,00284,295,109,329,181,0.93118745,person
4,00285,296,107,332,183,0.93634707,person
4,00286,295,105,331,183,0.9221471,person
4,00287,296,108,330,183,0.82441145,person
4,00288,294,108,331,182,0.6702565,person
4,00289,294,110,329,190,0.6818406,person
4,00291,295,107,328,192,0.9751677,person
4,00292,290,108,328,196,0.9664102,person
4,00293,292,107,324,190,0.9180329,person
4,00294,291,110,329,198,0.985165,person
4,00295,292,107,325,202,0.968781,person
4,00296,291,110,324,196,0.9880701,person
4,00297,292,112,324,199,0.957677,person
4,00298,292,108,326,203,0.9741318,person
4,00299,291,114,327,204,0.9711766,person
4,00300,291,111,329,202,0.9776532,person
4,00301,290,114,325,206,0.984497,person
4,00302,294,114,326,208,0.9648644,person
4,00303,291,113,328,209,0.976339,person
4,00304,291,115,332,211,0.96624887,person
4,00305,293,112,331,213,0.9849938,person
4,00306,292,117,325,222,0.98396707,person
4,00307,291,115,330,221,0.98020303,person
4,00308,291,115,329,221,0.99227005,person
4,00309,290,120,332,226,0.9900616,person
4,00310,292,116,330,222,0.9950146,person
4,00311,294,118,328,224,0.98659456,person
4,00312,291,117,329,223,0.9942428,person
4,00313,291,118,331,222,0.99718934,person
4,00314,290,124,334,224,0.9965221,person
4,00315,293,119,333,223,0.9955641,person
4,00316,293,124,335,228,0.9930853,person
4,00317,294,120,336,227,0.99384165,person
4,00318,294,123,337,228,0.9978237,person
4,00319,295,122,341,238,0.9966591,person
4,00320,296,120,344,235,0.9948783,person
4,00321,297,121,343,242,0.99327815,person
4,00322,296,120,339,244,0.9912042,person
4,00323,296,123,346,249,0.9936005,person
4,00324,296,123,346,250,0.99533045,person
4,00325,297,122,347,252,0.99406195,person
4,00326,297,123,346,256,0.9969277,person
4,00327,297,121,344,255,0.98145807,person
4,00328,296,127,358,255,0.9974022,person
4,00329,300,130,357,262,0.9956508,person
4,00330,300,124,357,262,0.9963794,person
4,00331,297,131,356,264,0.9970568,person
4,00332,300,127,356,265,0.9977183,person
4,00333,305,130,365,269,0.9991108,person
4,00334,306,129,365,270,0.9967097,person
4,00335,309,125,364,275,0.9966056,person
4,00336,309,130,362,283,0.99620867,person
4,00337,311,128,366,290,0.9965452,person
4,00338,309,132,381,285,0.99544317,person
4,00339,315,129,383,288,0.9977821,person
4,00340,315,128,373,291,0.9981106,person
4,00341,309,134,368,301,0.9969376,person
4,00342,310,130,365,305,0.9973607,person
4,00343,307,140,382,317,0.9960445,person
4,00344,313,138,381,317,0.99785197,person
4,00345,313,138,378,320,0.99618256,person
4,00346,310,144,376,326,0.9978855,person
4,00347,309,142,371,326,0.9985697,person
4,00348,305,144,381,329,0.99787927,person
4,00349,306,151,380,336,0.99801004,person
4,00350,304,163,376,337,0.9989037,person
4,00351,303,186,370,339,0.9643209,person
4,00352,292,219,364,338,0.71696293,person
4,00356,306,157,374,317,0.7706871,cat
4,00357,309,155,374,328,0.99789244,person
4,00358,300,145,379,326,0.9971013,person
4,00359,275,178,328,246,0.8009529,backpack
4,00359,277,174,337,247,0.6456272,handbag
4,00359,292,146,394,327,0.9936519,person
4,00360,273,166,326,233,0.6661653,handbag
4,00360,295,144,393,328,0.99641573,person
4,00361,290,159,346,237,0.93058693,handbag
4,00361,301,141,389,330,0.9984938,person
4,00362,316,147,386,335,0.9961417,person
4,00363,316,151,389,338,0.9973211,person
4,00364,316,140,392,344,0.9979629,person
4,00365,324,158,400,348,0.99630404,person
4,00366,330,150,403,356,0.9983511,person
4,00367,331,156,409,352,0.99174494,person
4,00368,337,163,412,368,0.99191684,person
4,00369,326,186,368,244,0.73866206,handbag
4,00369,337,154,418,370,0.99695086,person
4,00370,327,203,371,264,0.6137135,handbag
4,00370,336,167,425,390,0.9939146,person
4,00371,339,156,426,401,0.9876923,person
4,00372,344,166,439,408,0.99895793,person
4,00373,344,172,437,424,0.9938763,person
4,00374,331,166,470,433,0.95469624,person
4,00374,345,172,453,427,0.9897515,person
4,00375,344,179,477,442,0.97403467,person
4,00375,352,183,464,435,0.99768615,person
4,00376,352,175,483,443,0.89021564,person
4,00376,372,174,471,442,0.9985797,person
4,00377,362,185,495,467,0.7866858,person
4,00377,382,177,481,470,0.99859226,person
4,00378,368,181,497,467,0.9937593,person
4,00378,380,183,494,466,0.9982291,person
4,00379,379,189,525,484,0.99384135,person
4,00379,397,199,510,476,0.9190697,person
4,00380,392,199,543,479,0.98283786,person
4,00381,419,198,559,458,0.975305,person
4,00381,428,194,550,459,0.9666796,person
4,00382,437,211,570,483,0.98760295,person
4,00382,446,217,565,472,0.9794255,person
4,00383,441,206,585,484,0.9889479,person
4,00383,450,213,580,471,0.8929737,person
4,00384,446,227,602,477,0.9887614,person
5,00108,539,324,714,476,0.6490156,person
5,00108,557,329,691,473,0.65440136,person
5,00109,532,303,712,474,0.98553824,person
5,00111,485,268,698,477,0.9842831,person
5,00112,485,267,696,479,0.9753945,person
5,00113,489,235,680,478,0.9913212,person
5,00114,471,233,691,479,0.9962389,person
5,00115,471,226,656,475,0.961431,person
5,00116,462,206,634,477,0.9902964,person
5,00117,452,212,635,479,0.98851377,person
5,00118,462,196,618,480,0.987707,person
5,00119,463,193,609,481,0.941322,person
5,00120,444,194,598,477,0.9551554,person
5,00120,449,193,582,459,0.65029216,person
5,00121,425,181,588,475,0.99575734,person
5,00121,534,320,603,468,0.6101831,handbag
5,00122,407,184,568,469,0.9952681,person
5,00122,452,215,469,230,0.6553105,cell phone
5,00123,399,179,565,463,0.99476135,person
5,00124,388,174,537,466,0.9663683,person
5,00124,397,173,519,467,0.7411291,person
5,00125,380,177,526,457,0.9709998,person
5,00125,384,176,509,464,0.8982545,person
5,00126,351,165,500,444,0.9970846,person
5,00126,359,145,484,463,0.95707446,person
5,00126,453,331,511,425,0.96152955,surfboard
5,00127,340,163,491,447,0.9981565,person
5,00127,352,138,466,475,0.704977,person
5,00127,435,331,496,421,0.74563164,surfboard
5,00128,344,158,480,441,0.9912755,person
5,00128,352,140,459,460,0.9911683,person
5,00128,427,330,484,418,0.86130625,surfboard
5,00129,336,158,472,415,0.9864676,person
5,00129,347,156,459,420,0.99675584,person
5,00130,331,161,463,414,0.987926,person
5,00130,336,167,449,411,0.9993122,person
5,00131,312,146,448,405,0.979024,person
5,00131,328,149,436,410,0.9965278,person
5,00131,417,302,459,384,0.90107054,surfboard
5,00132,302,149,443,398,0.98125213,person
5,00132,320,164,431,396,0.99387825,person
5,00132,408,301,450,375,0.79882246,surfboard
5,00133,306,142,436,387,0.6992797,person
5,00133,322,150,422,384,0.9980228,person
5,00133,397,295,439,372,0.6956048,surfboard
5,00134,296,142,430,382,0.84399915,person
5,00134,312,147,422,379,0.9968301,person
5,00135,298,160,403,368,0.9963235,person
5,00135,375,287,417,351,0.7178751,surfboard
5,00136,276,139,421,364,0.7342844,person
5,00136,290,139,396,371,0.99931973,person
5,00136,373,272,406,344,0.86443555,surfboard
5,00137,273,143,414,357,0.83564675,person
5,00137,289,147,393,356,0.9992128,person
5,00137,363,269,399,344,0.9282054,surfboard
5,00138,291,145,387,352,0.9960868,person
5,00138,358,272,396,343,0.59408075,surfboard
5,00139,280,149,373,343,0.99812233,person
5,00139,350,274,395,344,0.96267384,surfboard
5,00140,268,154,376,339,0.9990913,person
5,00140,344,275,391,340,0.9624395,surfboard
5,00141,280,158,366,336,0.99371386,person
5,00141,340,277,386,337,0.73707783,handbag
5,00142,286,155,362,338,0.9926467,person
5,00142,323,279,380,339,0.5786185,handbag
5,00143,291,141,384,346,0.68597806,person
5,00144,272,145,370,324,0.9949288,person
5,00145,270,148,370,326,0.9939831,person
5,00146,262,149,375,325,0.996288,person
5,00147,264,148,365,324,0.9960805,person
5,00148,281,147,345,324,0.994674,person
5,00149,267,147,361,340,0.9928429,person
5,00150,260,163,367,337,0.923067,person
5,00151,256,187,370,345,0.936581,person
5,00152,258,201,365,340,0.9332387,person
5,00153,260,188,369,339,0.98597026,person
5,00154,272,165,370,335,0.9872803,person
5,00155,282,152,372,338,0.98232955,person
5,00156,300,142,372,330,0.99448687,person
5,00157,309,140,376,326,0.931643,cat
5,00158,311,138,387,316,0.99721575,person
5,00158,353,149,359,154,0.52618456,cell phone
5,00159,333,134,391,302,0.97131,person
5,00160,331,131,393,289,0.99589664,person
5,00161,331,135,395,281,0.9946019,person
5,00162,336,129,391,289,0.991104,person
5,00163,325,122,387,277,0.9974767,person
5,00164,319,124,385,271,0.99332845,person
5,00165,315,122,385,259,0.99702096,person
5,00166,316,127,381,257,0.9949083,person
5,00167,316,121,378,251,0.994346,person
5,00168,318,125,380,253,0.98857844,person
5,00169,328,116,371,246,0.9823903,person
5,00170,317,118,380,242,0.9932257,person
5,00171,326,119,374,234,0.99386823,person
5,00172,327,116,374,235,0.9975555,person
5,00173,326,118,374,227,0.9875203,person
5,00174,325,120,372,226,0.9892977,person
5,00175,324,119,366,224,0.99556714,person
5,00176,319,118,368,221,0.9971081,person
5,00177,309,124,365,220,0.9869557,person
5,00178,313,112,357,221,0.9925052,person
5,00179,313,116,356,222,0.9870758,person
5,00180,305,114,351,220,0.991289,person
5,00181,301,115,353,219,0.996348,person
5,00182,298,115,350,218,0.9908367,person
5,00183,300,114,346,214,0.9948411,person
5,00184,304,116,349,220,0.9957466,person
5,00185,306,113,345,212,0.99074924,person
5,00186,302,115,346,213,0.97603697,person
5,00187,300,112,342,211,0.9948742,person
5,00188,301,112,340,209,0.99239224,person
5,00189,301,115,338,209,0.9627202,person
5,00190,299,110,336,203,0.99045604,person
5,00191,291,113,336,205,0.9923718,person
5,00192,289,110,328,204,0.9956301,person
5,00193,290,109,325,204,0.9962836,person
5,00194,291,112,329,203,0.9694195,person
5,00195,289,105,324,201,0.99515575,person
5,00196,285,111,319,198,0.9866707,person
5,00197,285,108,317,205,0.9873773,person
5,00198,285,106,318,201,0.969721,person
5,00199,282,110,321,201,0.98296255,person
5,00200,286,107,317,199,0.9842472,person
5,00201,283,106,317,197,0.9879013,person
5,00202,282,106,314,202,0.97277564,person
5,00203,281,104,316,196,0.9905698,person
5,00204,281,106,317,197,0.9773733,person
5,00205,281,106,312,198,0.97404814,person
5,00206,277,105,312,196,0.93930113,person
5,00207,273,108,313,196,0.9389043,person
5,00208,272,101,309,186,0.96120214,person
5,00209,271,105,308,183,0.9552941,person
5,00210,273,107,308,205,0.9116726,person
5,00211,270,102,305,183,0.97769064,person
5,00212,268,104,306,186,0.9626171,person
5,00213,265,103,302,183,0.9643165,person
5,00214,265,103,302,181,0.89344996,person
5,00215,264,102,308,185,0.9226111,person
5,00216,264,102,300,184,0.90394545,person
5,00217,265,105,301,181,0.8442297,person
5,00218,264,103,301,180,0.51445687,person
5,00219,260,104,303,180,0.8854876,person
5,00220,261,105,303,181,0.906426,person
5,00221,256,105,291,177,0.8904933,person
5,00221,263,105,284,179,0.58204174,person
5,00222,253,102,288,183,0.78187895,person
5,00223,254,103,287,178,0.80981207,person
5,00224,255,105,289,177,0.9243493,person
5,00225,256,102,290,201,0.7409401,person
5,00226,254,102,286,178,0.8704854,person
5,00227,254,103,284,184,0.69875145,person
5,00227,257,106,278,178,0.5625913,person
5,00228,255,100,283,185,0.85572463,person
5,00228,257,105,278,180,0.6284882,person
5,00229,252,103,284,178,0.8332505,person
5,00229,256,108,279,174,0.67979765,person
5,00230,253,104,285,181,0.69125605,person
5,00230,256,110,277,171,0.6060632,person
5,00231,251,102,283,177,0.83160436,person
5,00231,252,100,277,171,0.57385087,person
5,00232,252,110,276,169,0.65278494,person
5,00233,249,100,282,171,0.68785375,person
5,00233,252,104,275,166,0.7387439,person
5,00234,251,100,282,178,0.6862076,person
5,00234,253,101,275,171,0.6106433,person
5,00235,249,104,283,170,0.65122277,person
5,00235,253,104,275,166,0.8035226,person
5,00236,249,103,272,167,0.89548224,person
5,00237,245,101,277,174,0.68622875,person
5,00237,246,99,271,170,0.84275824,person
5,00238,243,101,276,171,0.55866665,person
5,00238,246,100,268,166,0.7901964,person
5,00239,240,102,273,169,0.7054637,person
5,00239,243,104,267,164,0.841547,person
5,00240,240,102,264,161,0.7017771,person
5,00241,236,102,257,164,0.8235314,person
5,00242,226,101,262,165,0.7683452,person
5,00242,229,102,256,162,0.7326312,person
5,00246,205,97,225,164,0.5040955,person
5,00260,235,102,260,160,0.7861926,person
5,00261,246,101,282,168,0.5909316,person
5,00261,248,104,273,160,0.7287896,person
5,00262,259,95,280,171,0.89375705,person
5,00263,263,100,300,169,0.5694966,person
5,00263,267,104,289,164,0.7677903,person
5,00264,271,99,294,168,0.7249348,person
5,00265,273,105,309,172,0.65878624,person
5,00265,276,104,300,167,0.5002104,person
5,00267,281,107,302,175,0.58419096,person
5,00268,278,100,310,169,0.6493393,person
5,00268,280,103,306,164,0.5833408,person
5,00270,275,100,308,175,0.8476849,person
5,00271,278,103,312,178,0.9329544,person
5,00272,280,103,311,179,0.938622,person
5,00273,279,104,314,181,0.9027888,person
5,00274,280,103,313,177,0.8711297,person
5,00275,283,106,314,179,0.9295597,person
5,00275,287,103,310,183,0.83188576,person
5,00276,284,103,315,178,0.94787025,person
5,00276,289,106,312,177,0.53840184,person
5,00277,289,106,327,178,0.92479634,person
5,00278,291,106,324,179,0.89113307,person
5,00279,291,105,324,179,0.9743413,person
5,00280,294,104,325,182,0.94162804,person
5,00281,292,105,325,181,0.93770695,person
5,00282,291,108,326,180,0.9081338,person
5,00283,293,107,327,177,0.88492554,person
5,00284,293,105,328,181,0.9631441,person
5,00285,294,106,330,184,0.87261033,person
5,00286,295,105,328,182,0.9845069,person
5,00287,295,106,329,183,0.93815535,person
5,00288,293,105,332,183,0.94426775,person
5,00289,294,108,329,189,0.92953193,person
5,00290,294,107,328,192,0.824998,person
5,00291,293,104,328,193,0.96460015,person
5,00292,291,110,327,196,0.9848444,person
5,00293,292,105,324,197,0.9705075,person
5,00294,291,108,329,195,0.981985,person
5,00295,291,106,329,199,0.9910849,person
5,00296,292,109,324,201,0.9752148,person
5,00297,292,112,324,205,0.95856124,person
5,00298,292,111,324,203,0.98117036,person
5,00299,289,114,328,204,0.97964436,person
5,00300,292,112,327,205,0.98424417,person
5,00301,290,112,327,204,0.98998237,person
5,00302,292,116,326,208,0.97902304,person
5,00303,291,112,327,207,0.9899401,person
5,00304,292,113,330,212,0.98960984,person
5,00305,292,113,334,213,0.9951692,person
5,00306,292,114,327,220,0.9922376,person
5,00307,292,116,329,220,0.98568726,person
5,00308,290,113,328,221,0.99574083,person
5,00309,290,117,329,221,0.99551475,person
5,00310,290,115,331,221,0.9960897,person
5,00311,292,116,328,222,0.99787354,person
5,00312,290,116,329,222,0.996298,person
5,00313,289,116,330,221,0.9978295,person
5,00314,290,122,332,226,0.9961328,person
5,00315,291,118,333,223,0.9968848,person
5,00316,291,122,334,225,0.99664813,person
5,00317,292,121,335,228,0.9961579,person
5,00318,295,121,339,230,0.9979514,person
5,00319,296,122,339,238,0.99763376,person
5,00320,298,119,344,237,0.99800265,person
5,00321,297,123,343,239,0.994561,person
5,00322,297,117,341,246,0.99488306,person
5,00323,296,116,341,247,0.9943197,person
5,00324,296,122,345,252,0.99355954,person
5,00325,297,120,347,252,0.9907392,person
5,00326,297,123,346,254,0.99479985,person
5,00327,299,120,345,256,0.9955492,person
5,00328,293,122,356,257,0.99724865,person
5,00329,298,127,357,261,0.99783325,person
5,00330,298,123,359,262,0.9974945,person
5,00331,297,131,356,265,0.9984616,person
5,00332,298,128,355,265,0.99675363,person
5,00333,304,129,366,267,0.99912953,person
5,00334,305,133,367,277,0.9979052,person
5,00335,308,123,361,277,0.99728477,person
5,00336,310,130,363,284,0.99702716,person
5,00337,311,127,367,292,0.99710125,person
5,00338,308,131,379,287,0.99623865,person
5,00339,313,133,381,291,0.99742657,person
5,00340,314,129,374,296,0.9968856,person
5,00341,308,134,369,301,0.9971377,person
5,00342,309,128,366,307,0.99798626,person
5,00343,308,134,379,319,0.99814534,person
5,00344,311,140,383,320,0.99681026,person
5,00345,312,136,378,319,0.99588484,person
5,00346,307,141,376,326,0.9986513,person
5,00347,306,140,371,329,0.9980003,person
5,00348,301,140,380,333,0.99851537,person
5,00349,303,151,383,338,0.9978026,person
5,00350,303,164,375,336,0.99506444,person
5,00351,297,168,373,341,0.8901575,cat
5,00352,291,215,364,342,0.6904305,person
5,00353,307,219,365,345,0.88328075,person
5,00354,304,214,367,342,0.85668796,person
5,00356,303,169,370,332,0.9761368,cat
5,00357,304,149,377,325,0.98986393,person
5,00358,300,148,379,326,0.99791455,person
5,00359,280,173,335,251,0.83042055,backpack
5,00359,297,146,390,328,0.9897217,person
5,00360,273,175,321,236,0.63462704,handbag
5,00360,293,145,391,326,0.99563086,person
5,00361,283,159,343,236,0.87807375,handbag
5,00361,305,144,389,328,0.9979254,person
5,00361,347,157,357,166,0.50485176,cell phone
5,00362,305,169,347,229,0.6795921,handbag
5,00362,315,146,389,335,0.9969636,person
5,00363,314,151,387,338,0.99788314,person
5,00364,315,140,390,344,0.99908024,person
5,00365,324,154,399,344,0.9973261,person
5,00366,328,149,399,354,0.99788254,person
5,00366,360,173,368,182,0.52902,cell phone
5,00367,328,146,409,354,0.9957386,person
5,00368,336,162,413,367,0.9901182,person
5,00369,329,153,417,371,0.9976544,person
5,00370,329,162,424,375,0.98938125,person
5,00371,338,148,427,409,0.9917298,person
5,00372,342,160,441,408,0.9984528,person
5,00373,346,166,438,415,0.9961262,person
5,00374,327,158,467,424,0.8434193,person
5,00374,339,160,448,422,0.9845729,person
5,00375,337,175,484,448,0.9845429,person
5,00375,347,169,464,446,0.95757836,person
5,00376,344,171,485,441,0.8678476,person
5,00376,370,172,472,437,0.97463614,person
5,00377,360,183,491,463,0.7830885,person
5,00377,380,184,479,459,0.9955332,person
5,00378,367,181,497,468,0.9958231,person
5,00378,379,162,490,487,0.99817616,person
5,00379,378,190,520,480,0.9839062,person
5,00379,393,197,508,474,0.89444476,person
5,00380,391,201,545,477,0.9904672,person
5,00380,403,199,527,477,0.925128,person
5,00381,415,194,557,477,0.99370736,person
5,00381,431,185,543,488,0.93976474,person
5,00382,432,212,573,478,0.9838337,person
5,00382,442,220,562,466,0.94382006,person
5,00383,433,206,588,477,0.98202693,person
5,00384,442,229,602,475,0.9822897,person
5,00385,469,225,625,477,0.97565466,person
5,00386,489,247,656,477,0.9746344,person
5,00387,501,265,677,479,0.9521913,person
5,00388,508,275,687,475,0.9058067,person
5,00389,542,309,713,478,0.63864964,person
5,00390,576,297,715,486,0.74125534,person
5,00391,594,336,718,469,0.83304054,person
6,00106,599,347,713,475,0.54535705,person
6,00109,532,304,712,474,0.9830489,person
6,00110,507,310,696,468,0.9656413,person
6,00111,491,261,701,481,0.99044234,person
6,00112,483,266,694,478,0.8797531,person
6,00113,491,244,672,478,0.9843787,person
6,00114,481,233,677,483,0.99630576,person
6,00115,473,228,657,478,0.98777896,person
6,00116,470,210,654,477,0.9809019,person
6,00117,456,210,636,479,0.9890781,person
6,00118,462,202,621,478,0.99176675,person
6,00119,466,195,611,477,0.9802387,person
6,00119,566,393,634,476,0.6068008,handbag
6,00120,446,200,601,474,0.9849571,person
6,00120,452,193,576,481,0.7478891,person
6,00120,553,324,626,472,0.60853374,handbag
6,00121,428,181,590,474,0.9941401,person
6,00122,411,183,573,473,0.9971706,person
6,00123,403,177,564,466,0.9956108,person
6,00124,388,164,537,475,0.9791924,person
6,00124,396,168,517,476,0.79164195,person
6,00125,382,177,523,458,0.9584164,person
6,00125,388,167,508,474,0.9252469,person
6,00126,354,165,499,446,0.9966213,person
6,00126,364,156,485,455,0.91513973,person
6,00126,457,333,511,422,0.859545,surfboard
6,00127,340,163,496,446,0.9983014,person
6,00127,437,329,497,423,0.9727563,surfboard
6,00128,345,161,488,443,0.990691,person
6,00128,353,141,463,458,0.9661698,person
6,00128,431,330,486,419,0.95000917,surfboard
6,00129,336,159,477,417,0.98737663,person
6,00129,350,149,458,428,0.9959345,person
6,00130,332,163,463,412,0.99025816,person
6,00130,338,164,449,416,0.9995459,person
6,00131,312,150,448,403,0.982621,person
6,00131,327,139,435,422,0.99805856,person
6,00131,417,304,461,383,0.96723974,surfboard
6,00132,308,139,445,401,0.99012166,person
6,00132,323,146,434,396,0.9917783,person
6,00132,408,298,453,378,0.89932185,surfboard
6,00133,313,141,436,396,0.7153556,person
6,00133,323,147,422,388,0.9956397,person
6,00133,398,297,442,370,0.9362557,surfboard
6,00134,298,137,431,387,0.6591618,person
6,00134,315,152,421,376,0.9929834,person
6,00135,299,158,407,368,0.9880581,person
6,00136,276,142,421,358,0.8655004,person
6,00136,291,137,395,368,0.99867654,person
6,00136,371,271,408,347,0.9799135,surfboard
6,00137,272,140,415,355,0.9554893,person
6,00137,286,145,396,355,0.99904436,person
6,00137,365,268,399,343,0.9112931,surfboard
6,00138,290,146,393,350,0.99771124,person
6,00138,360,270,398,345,0.7983914,surfboard
6,00139,281,144,372,345,0.9973834,person
6,00139,351,273,395,344,0.88908535,surfboard
6,00140,244,148,395,339,0.83803034,person
6,00140,268,152,380,339,0.9996095,person
6,00140,345,278,392,340,0.9871123,surfboard
6,00141,279,152,371,335,0.9920943,person
6,00142,287,156,359,337,0.97818154,person
6,00142,326,278,385,340,0.6861969,handbag
6,00143,291,140,385,332,0.9947206,person
6,00144,273,144,372,324,0.99683195,person
6,00145,263,149,372,321,0.99909294,person
6,00145,268,239,316,321,0.67864305,skateboard
6,00146,264,150,374,322,0.9985345,person
6,00147,260,151,371,319,0.9983444,person
6,00148,280,148,350,319,0.98144346,person
6,00149,267,145,357,329,0.9869047,person
6,00150,263,157,365,334,0.60197645,person
6,00152,257,200,364,338,0.8882292,person
6,00153,260,188,368,337,0.89151883,person
6,00154,270,168,364,327,0.94699204,person
6,00155,280,150,369,322,0.91554254,person
6,00156,296,140,380,329,0.9942751,person
6,00157,309,134,375,327,0.9975,person
6,00158,309,139,389,319,0.9980779,person
6,00159,320,132,388,302,0.9815877,person
6,00160,330,130,394,289,0.9968391,person
6,00161,304,113,396,169,0.7303772,umbrella
6,00161,329,136,394,282,0.9958365,person
6,00162,304,114,391,168,0.5364937,umbrella
6,00162,337,127,393,288,0.99265194,person
6,00163,321,126,388,291,0.9884815,person
6,00164,299,114,380,160,0.7904004,umbrella
6,00164,320,125,386,270,0.98803,person
6,00165,303,115,384,159,0.5210407,umbrella
6,00165,314,124,386,266,0.9979606,person
6,00166,317,127,381,257,0.99683875,person
6,00167,299,112,388,161,0.95248544,umbrella
6,00167,316,120,379,253,0.9919059,person
6,00168,303,113,389,161,0.79852957,umbrella
6,00168,323,123,374,252,0.9884488,person
6,00169,328,116,372,248,0.9847626,person
6,00170,300,113,387,163,0.68351,umbrella
6,00170,318,122,381,242,0.9854704,person
6,00171,300,112,380,159,0.77995473,umbrella
6,00171,326,119,374,234,0.9964941,person
6,00172,329,120,375,234,0.9978728,person
6,00173,297,112,382,158,0.6512645,umbrella
6,00173,328,119,374,229,0.99509794,person
6,00174,322,123,373,228,0.994283,person
6,00175,325,116,366,223,0.9960647,person
6,00176,321,118,369,221,0.99779314,person
6,00177,312,121,365,221,0.9885332,person
6,00178,310,114,359,221,0.99633366,person
6,00179,314,115,355,222,0.99432206,person
6,00180,305,113,351,221,0.9936934,person
6,00181,302,111,351,222,0.99633324,person
6,00182,300,113,347,221,0.9952535,person
6,00183,300,112,345,215,0.99719954,person
6,00184,303,115,350,219,0.9970259,person
6,00185,304,113,345,213,0.9954429,person
6,00186,301,114,346,212,0.994649,person
6,00187,299,112,342,212,0.9955421,person
6,00188,302,113,339,211,0.9955606,person
6,00189,300,112,338,209,0.9927994,person
6,00190,300,109,336,204,0.99596256,person
6,00191,292,112,335,205,0.9916193,person
6,00192,290,109,329,206,0.9966723,person
6,00193,288,108,326,203,0.9982729,person
6,00194,288,110,328,204,0.9941985,person
6,00195,288,107,323,203,0.9956777,person
6,00196,288,108,324,206,0.991637,person
6,00197,285,110,317,201,0.99493486,person
6,00198,282,106,319,199,0.9958209,person
6,00199,281,110,323,201,0.98848295,person
6,00200,285,108,318,197,0.9914523,person
6,00201,282,105,317,195,0.9925343,person
6,00202,279,105,316,196,0.9899146,person
6,00203,280,104,315,193,0.98980767,person
6,00204,278,107,317,195,0.97322166,person
6,00205,281,108,315,192,0.9844869,person
6,00206,278,103,311,189,0.97787887,person
6,00207,270,108,311,195,0.97323287,person
6,00208,273,103,311,184,0.9892818,person
6,00209,271,104,309,184,0.9859858,person
6,00210,269,106,309,183,0.9871315,person
6,00211,270,102,308,181,0.9849333,person
6,00212,268,104,305,183,0.97498524,person
6,00213,263,102,306,183,0.98766005,person
6,00214,263,104,302,182,0.97741234,person
6,00215,263,103,307,185,0.98216045,person
6,00216,264,103,299,185,0.97989905,person
6,00217,263,104,301,182,0.91160333,person
6,00218,264,104,302,181,0.8212047,person
6,00219,261,103,300,180,0.94926214,person
6,00220,260,106,303,180,0.9497914,person
6,00221,257,104,293,180,0.92704093,person
6,00222,256,106,290,180,0.9061649,person
6,00223,256,103,288,181,0.91971976,person
6,00224,256,106,291,178,0.9507647,person
6,00225,254,105,289,181,0.92994666,person
6,00226,257,105,287,179,0.89763814,person
6,00226,260,103,282,178,0.83728033,person
6,00227,254,106,285,180,0.8967823,person
6,00227,258,104,279,177,0.8085656,person
6,00228,254,104,284,178,0.9259612,person
6,00228,257,106,279,176,0.85047776,person
6,00229,253,105,284,175,0.8937677,person
6,00229,256,109,279,171,0.8157349,person
6,00230,253,104,284,176,0.698958,person
6,00230,256,108,278,171,0.8419461,person
6,00231,253,104,285,177,0.884376,person
6,00231,254,108,277,171,0.7705942,person
6,00232,249,105,283,171,0.59763086,person
6,00232,253,102,276,170,0.811169,person
6,00233,250,101,281,175,0.7706894,person
6,00233,253,104,275,168,0.71642244,person
6,00234,248,101,282,168,0.73454434,person
6,00234,253,104,275,165,0.89935994,person
6,00235,252,106,275,166,0.8171877,person
6,00236,251,100,283,173,0.68919694,person
6,00236,250,103,272,166,0.88077855,person
6,00237,244,101,279,178,0.7414532,person
6,00237,248,97,272,172,0.8022609,person
6,00238,243,101,275,169,0.557348,person
6,00238,247,100,269,168,0.97497857,person
6,00239,239,102,272,167,0.84266114,person
6,00239,244,104,268,164,0.9280242,person
6,00240,237,104,271,167,0.6237411,person
6,00240,241,104,265,163,0.9531854,person
6,00241,235,101,258,162,0.8943362,person
6,00242,230,99,262,166,0.7345243,person
6,00242,231,102,258,166,0.85874,person
6,00243,226,99,250,165,0.50799453,person
6,00244,220,97,243,164,0.7604327,person
6,00245,211,103,245,160,0.62140644,person
6,00245,212,100,239,165,0.85454327,person
6,00257,185,105,223,162,0.61939067,person
6,00257,196,105,222,163,0.65537155,person
6,00260,234,102,259,163,0.9111255,person
6,00261,243,102,279,168,0.7599459,person
6,00261,246,103,272,162,0.9090458,person
6,00262,255,97,287,166,0.61424863,person
6,00262,258,94,280,169,0.96348214,person
6,00263,260,100,301,166,0.71306777,person
6,00263,262,100,285,163,0.65359235,person
6,00264,266,103,305,167,0.91013116,person
6,00264,270,101,295,169,0.8202305,person
6,00265,271,104,310,171,0.8958565,person
6,00265,275,105,298,167,0.52141565,person
6,00266,279,101,315,166,0.8620923,person
6,00266,282,105,306,165,0.5068413,person
6,00267,276,107,311,171,0.866599,person
6,00267,281,107,303,173,0.8298828,person
6,00268,278,106,312,170,0.92870903,person
6,00268,279,103,306,169,0.70758563,person
6,00269,276,107,312,174,0.8936632,person
6,00269,281,107,305,173,0.6392613,person
6,00270,280,102,311,176,0.9273548,person
6,00270,282,106,303,174,0.6071867,person
6,00271,276,105,314,178,0.93672645,person
6,00271,282,106,305,177,0.5029098,person
6,00272,279,104,312,176,0.97581285,person
6,00273,279,106,312,175,0.9333125,person
6,00274,280,104,314,175,0.9716397,person
6,00274,285,102,309,180,0.5672607,person
6,00275,281,107,314,177,0.95099074,person
6,00275,287,105,311,181,0.8789494,person
6,00276,283,105,317,179,0.9787991,person
6,00277,290,106,323,175,0.9660123,person
6,00277,288,110,314,173,0.6282321,person
6,00278,289,106,326,179,0.95559525,person
6,00278,290,106,314,180,0.5289622,person
6,00279,291,105,325,178,0.9719109,person
6,00280,292,107,326,178,0.97042644,person
6,00281,293,105,324,181,0.9810976,person
6,00282,290,108,326,180,0.9574065,person
6,00283,292,106,325,180,0.97050834,person
6,00284,293,104,327,180,0.97177774,person
6,00285,294,107,329,183,0.9759602,person
6,00286,294,103,328,182,0.98750037,person
6,00287,294,108,330,181,0.9828897,person
6,00288,294,103,331,187,0.9671636,person
6,00289,294,105,331,184,0.97330004,person
6,00290,294,107,329,192,0.95820403,person
6,00291,295,105,328,192,0.98867047,person
6,00292,291,108,327,193,0.9893607,person
6,00293,292,105,325,195,0.9923453,person
6,00294,291,108,327,193,0.993788,person
6,00295,290,108,327,204,0.9824052,person
6,00296,290,108,326,196,0.99389005,person
6,00297,292,112,324,204,0.974034,person
6,00298,291,109,325,200,0.99408835,person
6,00299,289,113,329,203,0.99181736,person
6,00300,290,111,328,206,0.9945271,person
6,00301,290,111,325,204,0.99500144,person
6,00302,292,113,325,211,0.98055726,person
6,00303,290,111,327,206,0.99335617,person
6,00304,290,114,329,212,0.99555653,person
6,00305,291,114,332,212,0.99501085,person
6,00306,292,112,327,214,0.99548817,person
6,00307,292,114,327,219,0.9932243,person
6,00308,290,112,329,216,0.9950472,person
6,00309,290,118,329,217,0.9920208,person
6,00310,290,116,333,220,0.9958237,person
6,00311,292,114,328,221,0.99771637,person
6,00312,290,115,327,222,0.99686617,person
6,00313,289,116,328,222,0.9987278,person
6,00314,290,122,332,224,0.997763,person
6,00315,292,119,334,224,0.996961,person
6,00316,292,122,335,227,0.99792254,person
6,00317,292,122,335,230,0.99731183,person
6,00318,294,122,338,231,0.99799556,person
6,00319,294,123,340,236,0.99564695,person
6,00320,297,118,342,240,0.99807286,person
6,00321,297,122,343,240,0.99622667,person
6,00322,295,119,340,245,0.99499905,person
6,00323,296,117,341,246,0.995257,person
6,00324,296,121,345,252,0.99544436,person
6,00325,292,121,351,250,0.9921221,person
6,00326,298,121,348,255,0.99292207,person
6,00327,298,121,345,257,0.99607044,person
6,00328,294,121,356,256,0.99773985,person
6,00329,296,128,359,259,0.9980246,person
6,00330,304,122,363,259,0.9987315,person
6,00331,297,130,357,261,0.9987314,person
6,00332,298,129,358,267,0.9975239,person
6,00333,304,127,365,266,0.9992947,person
6,00334,306,131,366,270,0.9973414,person
6,00335,309,125,364,288,0.9952806,person
6,00336,310,129,365,286,0.99495417,person
6,00337,309,127,369,296,0.99382573,person
6,00338,309,129,377,288,0.99564236,person
6,00339,311,133,382,291,0.9952185,person
6,00340,314,127,378,296,0.9966827,person
6,00341,308,132,370,304,0.9972006,person
6,00342,307,130,367,304,0.9975015,person
6,00343,308,129,383,318,0.9968428,person
6,00344,309,135,384,320,0.99716115,person
6,00345,310,132,380,318,0.9925312,person
6,00346,307,139,374,324,0.9981275,person
6,00347,305,139,373,326,0.99758947,person
6,00348,302,136,380,335,0.99789643,person
6,00349,298,149,384,338,0.9962429,person
6,00350,301,153,378,339,0.99868184,person
6,00351,301,167,371,338,0.992031,person
6,00353,305,220,364,342,0.8524205,person
6,00354,307,213,364,346,0.6028881,person
6,00355,306,198,369,339,0.508141,person
6,00356,289,171,366,330,0.57489043,cat
6,00357,307,158,374,327,0.9989346,person
6,00357,322,168,329,176,0.5207788,cell phone
6,00358,300,148,377,326,0.9985435,person
6,00359,281,184,324,250,0.72382396,backpack
6,00359,295,144,384,327,0.9932789,person
6,00360,270,172,321,239,0.67755514,handbag
6,00360,294,146,390,326,0.99791867,person
6,00361,302,144,391,328,0.9983053,person
6,00362,309,147,388,337,0.99936295,person
6,00363,314,153,387,337,0.99924564,person
6,00364,312,144,390,341,0.9987894,person
6,00365,313,151,394,340,0.9976961,person
6,00366,324,153,403,351,0.9989008,person
6,00366,360,173,368,182,0.55338633,cell phone
6,00367,324,148,411,354,0.9973694,person
6,00368,333,159,414,368,0.9985758,person
6,00369,325,146,417,375,0.9979836,person
6,00370,325,158,425,369,0.9942254,person
6,00371,334,150,428,407,0.9954972,person
6,00371,374,183,381,192,0.522116,cell phone
6,00372,343,162,439,402,0.996579,person
6,00373,334,161,435,422,0.9979297,person
6,00374,324,156,469,423,0.7016304,person
6,00374,341,164,445,417,0.9901359,person
6,00375,334,177,483,445,0.991354,person
6,00375,345,157,464,460,0.9608438,person
6,00376,344,170,481,441,0.95126677,person
6,00376,367,160,470,451,0.9926648,person
6,00376,413,202,424,212,0.5882555,cell phone
6,00377,358,178,494,453,0.78064966,person
6,00377,378,179,477,457,0.9926656,person
6,00378,363,184,495,469,0.9665879,person
6,00378,379,169,485,485,0.9978288,person
6,00379,368,181,507,471,0.98071265,person
6,00379,388,180,507,472,0.9124542,person
6,00380,388,198,540,478,0.9910564,person
6,00380,400,191,521,488,0.85426307,person
6,00381,399,195,557,476,0.98035187,person
6,00382,421,213,563,474,0.98678696,person
6,00382,442,215,561,472,0.9594226,person
6,00383,433,211,576,475,0.99225426,person
6,00383,441,196,571,486,0.8542116,person
6,00384,436,230,602,474,0.9807554,person
6,00385,468,224,622,477,0.97316265,person
6,00386,488,246,652,475,0.9316513,person
6,00387,494,264,669,479,0.990661,person
6,00388,507,255,692,476,0.98983085,person
