2,00149,421,126,499,305,0.9952207,person
2,00458,484,95,522,209,0.8837403,person
2,00161,437,115,498,264,0.99694115,person
2,00134,393,121,525,381,0.7193597,person
2,00134,406,125,510,381,0.99616575,person
2,00513,323,139,426,369,0.9983929,person
2,00183,457,104,501,220,0.9901801,person
2,00168,432,108,490,250,0.9938587,person
2,00484,429,109,488,250,0.9936334,person
2,00192,466,102,506,209,0.58659524,person
2,00147,411,128,499,321,0.99815893,person
2,00529,158,175,300,478,0.9975295,person
2,00529,160,190,293,458,0.56408423,person
2,00461,473,103,517,211,0.9345426,person
2,00506,356,134,442,332,0.9917259,person
2,00499,401,126,468,302,0.9966153,person
2,00455,486,95,523,205,0.82770795,person
2,00478,435,106,495,240,0.9909994,person
2,00140,415,127,508,339,0.9878625,person
2,00497,399,122,472,298,0.9981536,person
2,00110,142,217,329,480,0.9760941,person
2,00213,498,98,542,180,0.7421553,person
2,00444,490,97,529,194,0.8699511,person
2,00530,123,176,302,475,0.9895771,person
2,00488,428,125,487,262,0.79861623,cat
2,00121,311,172,450,478,0.99921316,person
2,00121,320,183,442,464,0.89976186,person
2,00173,451,105,498,241,0.9910399,person
2,00154,434,119,501,292,0.9975184,person
2,00439,492,102,532,187,0.9402983,person
2,00469,468,103,514,221,0.9806857,person
2,00477,442,108,490,242,0.9895176,person
2,00494,410,122,471,290,0.9904809,person
2,00516,314,152,419,382,0.99749345,person
2,00540,24,252,259,475,0.97578394,person
2,00521,245,151,374,448,0.99283016,person
2,00521,252,161,371,435,0.9897475,person
2,00492,416,116,478,280,0.995886,person
2,00486,428,113,489,264,0.98968863,person
2,00508,344,139,442,351,0.99749726,person
2,00107,48,243,298,475,0.7646234,person
2,00515,311,137,434,396,0.91765803,person
2,00515,317,138,423,392,0.99869776,person
2,00122,321,154,465,479,0.99765503,person
2,00115,230,179,392,477,0.992599,person
2,00544,4,288,231,470,0.94480544,person
2,00473,453,102,498,235,0.992397,person
2,00487,430,111,489,263,0.9955457,person
2,00538,24,214,270,477,0.9874502,person
2,00533,107,193,275,480,0.9892886,person
2,00479,438,110,490,236,0.99124604,person
2,00162,438,117,488,246,0.35018963,bird
2,00162,436,119,495,259,0.77313036,cat
2,00466,472,106,517,217,0.9858416,person
2,00113,202,181,395,475,0.9772524,person
2,00133,392,135,524,394,0.42863107,person
2,00133,409,142,508,382,0.98744434,person
2,00177,457,103,498,233,0.9927331,person
2,00129,368,154,500,424,0.9642938,person
2,00129,377,154,495,422,0.9960028,person
2,00436,498,101,532,182,0.8403174,person
2,00537,20,219,278,477,0.9865548,person
2,00119,276,168,453,475,0.99438035,person
2,00498,404,112,471,302,0.99765486,person
2,00463,471,105,519,213,0.9577606,person
2,00106,16,272,299,473,0.8998818,person
2,00163,432,116,495,249,0.81059223,cat
2,00163,438,120,508,261,0.49587202,person
2,00189,464,102,503,210,0.9518435,person
2,00541,8,259,241,471,0.9510223,person
2,00187,462,103,500,214,0.8991493,person
2,00193,469,96,505,205,0.9259218,person
2,00526,173,167,338,474,0.9987438,person
2,00171,437,105,496,243,0.9926625,person
2,00545,10,299,184,472,0.84846985,person
2,00471,465,107,508,229,0.9872592,person
2,00111,152,197,375,481,0.96518606,person
2,00474,450,106,497,235,0.9891857,person
2,00175,453,112,500,233,0.9909829,person
2,00532,105,179,286,478,0.9801559,person
2,00191,464,100,508,206,0.97370994,person
2,00522,232,157,357,457,0.9838442,person
2,00522,243,166,354,446,0.9975959,person
2,00108,71,222,291,477,0.8182876,person
2,00202,490,99,527,192,0.485733,person
2,00109,98,232,300,481,0.7027178,person
2,00141,415,127,503,341,0.99044335,person
2,00514,302,145,433,386,0.9642521,person
2,00514,315,147,423,381,0.9995214,person
2,00131,386,131,515,408,0.3413501,person
2,00131,392,136,503,400,0.9782484,person
2,00490,414,117,482,268,0.99779004,person
2,00431,499,100,534,177,0.8059886,person
2,00536,40,205,277,481,0.9943516,person
2,00170,432,107,494,247,0.9758856,person
2,00523,222,163,349,463,0.9923683,person
2,00523,230,175,342,443,0.99162203,person
2,00208,496,101,542,181,0.7924611,person
2,00517,290,145,419,419,0.57801175,person
2,00517,306,156,406,408,0.9914509,person
2,00142,417,124,503,334,0.9759114,person
2,00142,416,143,505,344,0.30109504,cat
2,00167,438,110,484,250,0.9875161,person
2,00200,488,102,523,198,0.78150445,person
2,00524,206,159,340,463,0.99873555,person
2,00132,397,142,501,394,0.99748075,person
2,00190,468,100,505,208,0.9753297,person
2,00472,458,103,502,233,0.99630606,person
2,00511,345,146,435,358,0.98963666,person
2,00528,173,173,306,477,0.9969063,person
2,00528,181,186,302,461,0.9695953,person
2,00188,462,102,501,213,0.983585,person
2,00443,490,98,531,190,0.8998179,person
2,00169,431,110,493,251,0.99439347,person
2,00520,245,153,392,448,0.993453,person
2,00520,260,179,382,419,0.43081272,person
2,00153,433,120,502,293,0.99723446,person
2,00152,432,127,502,300,0.9979936,person
2,00143,417,123,503,332,0.92930067,person
2,00531,105,194,296,481,0.9795391,person
2,00483,433,108,488,252,0.9847192,person
2,00475,453,101,495,238,0.9941166,person
2,00460,480,101,522,213,0.70412415,person
2,00138,419,135,506,364,0.99184537,person
2,00118,261,170,449,479,0.99230474,person
2,00156,442,114,509,282,0.9986308,person
2,00184,461,106,501,217,0.97266537,person
2,00268,548,96,570,149,0.43039125,person
2,00543,1,300,238,471,0.93266296,person
2,00535,72,214,269,470,0.9830431,person
2,00454,487,104,527,201,0.6670458,person
2,00480,438,111,488,244,0.9909627,person
2,00525,185,168,340,475,0.9994548,person
2,00470,466,101,510,227,0.9935025,person
2,00501,377,120,463,311,0.9983578,person
2,00456,483,101,523,205,0.39974773,person
2,00502,370,127,454,309,0.99432385,person
2,00481,434,108,493,248,0.9923331,person
2,00459,484,102,520,207,0.953591,person
2,00130,373,152,501,417,0.98258984,person
2,00130,381,155,498,413,0.9979922,person
2,00539,30,225,264,475,0.9783666,person
2,00432,498,99,536,178,0.5335576,person
2,00438,491,98,535,187,0.94369507,person
2,00534,100,199,267,479,0.9799835,person
2,00518,278,146,402,420,0.9738518,person
2,00518,287,151,398,416,0.99612266,person
2,00434,497,100,536,180,0.7299811,person
2,00503,368,122,451,327,0.99684256,person
2,00150,424,127,500,304,0.9961823,person
2,00155,437,119,512,289,0.99295026,person
2,00465,474,107,519,215,0.9646725,person
2,00181,456,107,501,230,0.9544434,person
2,00512,335,146,426,365,0.9912734,person
2,00120,296,169,451,480,0.9983053,person
2,00457,485,99,522,208,0.93749726,person
2,00205,494,96,529,190,0.44943553,person
2,00204,490,91,531,193,0.3973457,person
2,00476,449,107,495,234,0.9920341,person
2,00489,422,119,485,270,0.9940208,person
2,00435,500,101,533,182,0.62208617,person
2,00451,490,100,531,201,0.88155633,person
2,00127,348,161,477,442,0.97952974,person
2,00127,363,165,476,435,0.9979256,person
2,00449,492,97,528,203,0.30910143,person
2,00112,176,203,396,479,0.98422945,person
2,00445,489,97,529,193,0.85781753,person
2,00166,433,110,488,250,0.974547,person
2,00442,494,101,533,190,0.85884434,person
2,00203,490,97,532,194,0.7431692,person
2,00144,418,135,502,324,0.96480507,person
2,00151,430,116,503,300,0.99852395,person
2,00158,442,124,506,273,0.9961575,person
2,00504,370,122,442,325,0.989051,person
2,00136,412,128,506,377,0.9978082,person
2,00427,498,100,533,174,0.5582543,person
2,00509,345,135,440,354,0.99612635,person
2,00441,494,99,534,190,0.926969,person
2,00178,458,106,498,231,0.995984,person
2,00519,259,148,394,429,0.99638706,person
2,00519,271,149,400,429,0.97049534,person
2,00128,364,149,493,428,0.9859815,person
2,00128,373,148,485,431,0.9957666,person
2,00505,368,138,441,322,0.9896495,person
2,00227,515,95,548,176,0.35899225,person
2,00493,414,115,478,283,0.9908613,person
2,00201,489,95,526,196,0.84544784,person
2,00105,13,269,239,476,0.7319409,person
2,00467,468,105,516,218,0.988125,person
2,00464,472,104,521,216,0.9655601,person
2,00145,415,128,498,320,0.9965926,person
2,00186,461,106,499,216,0.973945,person
2,00507,349,129,443,334,0.9990697,person
2,00172,447,113,499,237,0.97538054,person
2,00157,438,120,499,279,0.5991029,cat
2,00157,443,120,504,278,0.6846738,person
2,00185,462,102,496,215,0.97688675,person
2,00125,328,151,462,465,0.99233633,person
2,00125,341,159,455,458,0.9884567,person
2,00117,254,166,441,476,0.9985204,person
2,00468,467,107,515,219,0.9920652,person
2,00447,494,97,526,203,0.64389104,person
2,00123,315,162,477,472,0.9989125,person
2,00124,323,163,474,476,0.9938121,person
2,00160,437,124,498,266,0.4521231,cat
2,00160,442,125,504,268,0.67422074,person
2,00176,456,105,497,234,0.9946418,person
2,00496,401,115,471,296,0.9979423,person
2,00182,458,102,499,223,0.99035484,person
2,00214,500,101,540,179,0.7410094,person
2,00207,496,96,540,189,0.6311435,person
2,00440,495,100,534,188,0.90335184,person
2,00194,469,101,507,201,0.7176671,person
2,00126,335,156,469,458,0.9737202,person
2,00126,348,164,466,453,0.9931576,person
2,00180,458,104,501,231,0.9813685,person
2,00462,472,106,517,212,0.95399857,person
2,00146,411,128,498,320,0.99730515,person
2,00179,463,104,501,233,0.9868584,person
2,00164,432,122,493,259,0.9344079,cat
2,00159,436,124,499,266,0.95090955,cat
2,00139,420,125,507,340,0.7440168,person
2,00139,419,137,509,349,0.49768683,cat
2,00448,493,101,528,198,0.74709356,person
2,00446,492,96,528,195,0.7280146,person
2,00135,392,134,526,377,0.913836,person
2,00135,407,144,513,377,0.998607,person
2,00174,451,104,497,239,0.9969984,person
2,00116,256,170,418,478,0.9993502,person
2,00500,389,127,463,306,0.99512917,person
2,00137,417,124,502,371,0.766186,person
2,00148,417,121,497,309,0.99524444,person
2,00495,405,110,470,289,0.9959409,person
2,00165,432,116,491,259,0.9887739,person
2,00485,424,112,485,253,0.99122196,person
2,00450,490,103,528,198,0.38573012,person
2,00114,213,172,387,482,0.97865653,person
2,00491,413,124,479,272,0.9955668,person
2,00527,178,164,320,476,0.9968812,person
2,00510,348,135,437,353,0.9950653,person
2,00453,488,104,528,194,0.65822,person
2,00437,494,101,530,184,0.8771236,person
2,00542,8,272,228,473,0.9720827,person
2,00433,496,102,536,177,0.8122649,person
2,00482,439,110,486,246,0.9934739,person
4,00149,425,128,498,301,0.997165,person
4,00458,483,101,521,212,0.98943764,person
4,00161,438,124,495,260,0.9138598,cat
4,00134,394,130,525,392,0.91862047,person
4,00134,409,135,513,387,0.99899983,person
4,00229,519,95,549,173,0.78936833,person
4,00229,522,93,546,174,0.4069998,person
4,00513,305,142,435,381,0.96006095,person
4,00513,313,146,425,376,0.99833554,person
4,00513,457,369,516,380,0.58785206,skis
4,00212,501,98,540,181,0.88559806,person
4,00183,459,106,501,218,0.9958273,person
4,00168,539,15,714,105,0.32242808,car
4,00168,430,111,494,251,0.99688596,person
4,00484,423,112,488,250,0.99628186,person
4,00192,468,99,508,205,0.9835155,person
4,00147,416,125,496,309,0.9970764,person
4,00529,140,177,308,469,0.95454323,person
4,00461,471,103,519,208,0.99295425,person
4,00506,348,125,443,334,0.9990096,person
4,00220,510,93,549,178,0.323107,person
4,00422,504,94,536,173,0.8279762,person
4,00219,506,97,542,175,0.7916405,person
4,00391,520,15,719,157,0.4975907,car
4,00499,394,128,465,303,0.98357433,person
4,00210,503,99,535,186,0.5781477,person
4,00381,528,96,548,149,0.36406022,person
4,00455,482,97,522,207,0.99416226,person
4,00419,502,95,537,172,0.7109247,person
4,00419,414,92,435,141,0.44511893,person
4,00478,434,108,494,239,0.9951818,person
4,00140,414,130,504,335,0.97180593,person
4,00497,403,117,472,296,0.9918007,person
4,00110,154,199,375,483,0.82986003,person
4,00225,514,96,546,175,0.575391,person
4,00223,514,95,545,176,0.62875015,person
4,00428,500,99,536,176,0.90690774,person
4,00215,502,97,539,178,0.84650445,person
4,00213,499,99,540,181,0.9112199,person
4,00444,489,98,530,193,0.98578304,person
4,00530,109,180,302,475,0.7268199,person
4,00488,423,119,486,267,0.9974834,person
4,00121,319,152,466,479,0.9908277,person
4,00173,450,102,497,237,0.9947108,person
4,00403,513,85,545,161,0.3900639,person
4,00154,434,116,513,286,0.99441624,person
4,00439,496,102,534,188,0.9787695,person
4,00469,469,101,512,225,0.9883587,person
4,00477,436,106,495,238,0.9949605,person
4,00494,408,119,468,291,0.9928047,person
4,00195,475,97,515,203,0.98943824,person
4,00516,299,133,423,411,0.57955724,person
4,00516,311,156,413,387,0.9977387,person
4,00540,10,252,240,474,0.98520553,person
4,00521,235,149,365,452,0.99324006,person
4,00521,241,158,360,445,0.98918813,person
4,00492,415,114,477,281,0.99714303,person
4,00486,426,111,490,264,0.99387556,person
4,00508,345,138,442,355,0.9987138,person
4,00107,69,221,298,478,0.9419877,person
4,00515,307,124,428,406,0.5234813,person
4,00515,315,139,418,392,0.99810517,person
4,00122,319,141,474,475,0.99808365,person
4,00115,252,177,419,477,0.9278565,person
4,00544,4,279,201,470,0.96642137,person
4,00452,489,101,531,204,0.9842736,person
4,00473,448,102,499,234,0.9950069,person
4,00487,428,117,489,260,0.99320054,person
4,00367,527,17,715,149,0.7521396,car
4,00538,33,215,265,474,0.92654383,person
4,00533,106,201,273,478,0.79691714,person
4,00479,431,110,493,246,0.99439853,person
4,00162,434,119,496,260,0.96665204,cat
4,00466,469,101,518,221,0.98596674,person
4,00113,207,175,390,479,0.94474405,person
4,00421,500,97,538,174,0.8620171,person
4,00133,393,131,519,377,0.9412105,person
4,00133,409,124,509,386,0.99745405,person
4,00230,519,97,551,174,0.7424374,person
4,00177,457,105,497,232,0.9982487,person
4,00129,372,144,500,426,0.99676996,person
4,00129,383,153,493,416,0.9988117,person
4,00436,498,102,533,185,0.9508471,person
4,00537,28,219,270,477,0.9608351,person
4,00119,288,164,453,477,0.9873483,person
4,00416,503,92,537,173,0.6392781,person
4,00498,404,119,468,301,0.98904485,person
4,00463,472,102,521,213,0.9955103,person
4,00106,54,270,291,476,0.62462056,person
4,00163,433,118,494,247,0.7435965,cat
4,00417,504,92,536,172,0.5590873,person
4,00189,466,101,504,207,0.9910152,person
4,00541,1,246,241,475,0.9910163,person
4,00216,504,99,539,175,0.54061085,person
4,00187,463,101,500,214,0.9968211,person
4,00193,471,100,508,207,0.99090064,person
4,00526,175,162,330,472,0.9865955,person
4,00171,442,106,492,240,0.9944967,person
4,00199,488,99,523,200,0.9736641,person
4,00471,458,100,504,234,0.9966272,person
4,00111,173,199,392,480,0.9634129,person
4,00418,504,97,535,173,0.7267662,person
4,00418,510,95,533,174,0.37059608,person
4,00474,450,101,497,236,0.99290067,person
4,00175,452,105,498,233,0.99478745,person
4,00532,106,177,288,477,0.89869994,person
4,00191,463,101,506,207,0.9776753,person
4,00522,226,159,352,468,0.9961049,person
4,00522,234,165,348,467,0.9935422,person
4,00108,91,223,294,484,0.86968213,person
4,00202,489,100,536,198,0.98421794,person
4,00109,126,220,330,478,0.9561224,person
4,00404,515,97,539,154,0.35286608,person
4,00141,417,125,504,336,0.99301434,person
4,00514,310,137,432,392,0.93854284,person
4,00514,314,148,425,383,0.9985631,person
4,00131,384,128,517,407,0.6475228,person
4,00131,394,132,502,401,0.9978903,person
4,00490,414,121,479,270,0.9959146,person
4,00431,500,99,539,178,0.93290204,person
4,00536,21,213,279,475,0.99019617,person
4,00413,506,95,539,169,0.6972367,person
4,00413,510,95,534,171,0.5855758,person
4,00170,436,105,494,243,0.9936907,person
4,00523,213,159,349,464,0.99147403,person
4,00523,217,164,343,451,0.89844316,person
4,00208,497,98,542,186,0.9685876,person
4,00424,502,100,536,175,0.87311304,person
4,00517,282,141,409,424,0.9451239,person
4,00517,293,145,400,423,0.9920457,person
4,00142,416,125,503,330,0.9920183,person
4,00167,430,110,492,251,0.9967389,person
4,00426,501,97,536,175,0.8818351,person
4,00200,489,97,527,195,0.9751426,person
4,00524,183,156,345,465,0.9963771,person
4,00132,391,133,521,393,0.74878854,person
4,00132,402,137,508,391,0.99793094,person
4,00235,525,97,555,177,0.37361464,person
4,00190,465,100,508,208,0.98677427,person
4,00472,451,99,499,235,0.98923373,person
4,00511,336,148,429,360,0.99210894,person
4,00511,380,277,413,370,0.3830147,sports ball
4,00528,157,178,303,475,0.9678874,person
4,00188,463,104,504,209,0.99415517,person
4,00443,489,96,531,192,0.9907023,person
4,00169,429,111,494,246,0.9819863,person
4,00520,242,146,384,453,0.98979264,person
4,00520,256,148,376,450,0.8249716,person
4,00153,434,121,498,290,0.99047565,person
4,00152,431,126,502,297,0.99467134,person
4,00143,417,134,501,322,0.9808412,person
4,00531,108,177,292,477,0.8460412,person
4,00483,426,110,489,250,0.99467313,person
4,00475,449,99,496,240,0.9969674,person
4,00379,531,93,555,151,0.32312095,person
4,00423,505,96,540,174,0.81929934,person
4,00460,472,101,520,207,0.9949129,person
4,00138,420,132,508,355,0.97810084,person
4,00118,267,169,454,473,0.9885073,person
4,00156,442,120,507,277,0.99464,person
4,00184,459,101,498,213,0.9974897,person
4,00429,502,98,536,174,0.91537285,person
4,00236,526,97,557,176,0.467715,person
4,00543,6,276,228,470,0.98184204,person
4,00535,52,201,291,475,0.98389864,person
4,00454,487,96,526,210,0.98708755,person
4,00480,432,109,494,246,0.9966514,person
4,00525,170,171,342,474,0.99239755,person
4,00470,465,101,509,233,0.9922674,person
4,00231,521,93,554,175,0.65362483,person
4,00501,370,127,456,305,0.9969534,person
4,00456,482,100,521,207,0.99190474,person
4,00502,366,122,454,325,0.99491954,person
4,00481,435,110,492,249,0.99617696,person
4,00459,479,102,523,212,0.9959962,person
4,00130,371,137,503,408,0.9543472,person
4,00130,391,138,501,401,0.9982883,person
4,00539,28,238,258,476,0.95563245,person
4,00432,499,101,535,176,0.9450635,person
4,00438,490,101,532,188,0.97691405,person
4,00534,79,205,271,473,0.9176747,person
4,00518,268,140,403,424,0.9939839,person
4,00518,276,144,398,422,0.9669788,person
4,00434,499,98,536,181,0.9688484,person
4,00503,370,119,446,328,0.9926302,person
4,00150,432,119,498,298,0.9982852,person
4,00393,522,20,717,151,0.3469918,car
4,00198,485,91,522,200,0.93459517,person
4,00401,514,97,540,156,0.3035561,person
4,00415,503,94,537,172,0.7606321,person
4,00155,439,118,509,279,0.998218,person
4,00465,473,106,518,218,0.994352,person
4,00181,458,101,501,225,0.9952406,person
4,00512,308,128,444,375,0.30253625,person
4,00512,326,131,427,374,0.9957609,person
4,00120,306,172,455,475,0.9905626,person
4,00120,314,191,443,448,0.3688065,person
4,00457,485,98,522,208,0.99016523,person
4,00414,505,92,538,173,0.65587306,person
4,00205,497,99,532,192,0.9222606,person
4,00204,492,98,531,193,0.9798272,person
4,00476,443,105,494,239,0.99631554,person
4,00489,418,114,482,265,0.99657184,person
4,00435,500,100,534,181,0.96818024,person
4,00451,490,101,532,198,0.9612882,person
4,00127,362,139,491,429,0.9770659,person
4,00127,371,130,481,438,0.9969465,person
4,00449,493,98,534,203,0.9739236,person
4,00112,194,200,397,479,0.9363743,person
4,00445,491,98,530,193,0.96814805,person
4,00166,432,111,487,250,0.97996414,person
4,00442,492,99,532,192,0.9861116,person
4,00232,522,97,552,174,0.44505268,person
4,00232,525,91,545,176,0.4522906,person
4,00228,521,100,551,171,0.40765333,person
4,00228,523,95,545,172,0.4291802,person
4,00420,502,96,536,172,0.86296475,person
4,00209,500,95,538,186,0.74076563,person
4,00203,491,96,533,193,0.9854947,person
4,00144,416,121,499,316,0.9233302,person
4,00151,431,124,502,299,0.99881953,person
4,00158,436,124,499,271,0.91361463,cat
4,00504,368,131,439,320,0.99399585,person
4,00136,417,136,503,363,0.9837811,person
4,00427,501,98,536,175,0.7796908,person
4,00509,347,133,436,356,0.99843806,person
4,00441,496,101,533,190,0.9827361,person
4,00178,460,106,499,229,0.995434,person
4,00519,250,146,396,436,0.985812,person
4,00128,368,144,499,425,0.9988599,person
4,00128,375,150,492,420,0.99810874,person
4,00505,362,136,442,327,0.98448855,person
4,00104,7,258,230,473,0.9553969,person
4,00430,502,100,537,177,0.91254383,person
4,00227,518,97,550,172,0.39608842,person
4,00227,521,91,542,177,0.38243696,person
4,00237,526,91,553,176,0.5926237,person
4,00493,410,120,471,281,0.9884337,person
4,00201,489,97,532,192,0.9771899,person
4,00105,13,253,283,477,0.91942203,person
4,00467,468,105,515,221,0.9878866,person
4,00464,473,104,519,213,0.9952014,person
4,00145,413,125,496,321,0.99265003,person
4,00186,460,106,502,215,0.99506426,person
4,00507,343,130,443,338,0.9981506,person
4,00172,448,105,497,237,0.9862379,person
4,00217,505,97,540,176,0.7063102,person
4,00157,438,123,499,278,0.43088296,cat
4,00157,445,121,504,277,0.93310827,person
4,00185,462,103,501,215,0.9938855,person
4,00125,332,144,463,462,0.9910751,person
4,00125,345,152,458,456,0.9882606,person
4,00117,264,169,444,475,0.9842107,person
4,00468,468,104,513,222,0.9865219,person
4,00447,494,101,533,199,0.9712141,person
4,00425,501,95,537,175,0.8991629,person
4,00123,322,150,484,481,0.99780786,person
4,00206,495,94,539,188,0.92099905,person
4,00124,329,146,465,467,0.9947544,person
4,00124,338,156,462,454,0.93065006,person
4,00160,435,118,497,271,0.99569273,person
4,00176,453,101,498,234,0.9974513,person
4,00496,399,122,472,294,0.99582744,person
4,00407,514,82,543,164,0.41646752,person
4,00182,457,102,499,221,0.997284,person
4,00214,501,97,540,179,0.8589403,person
4,00207,497,98,542,186,0.9447111,person
4,00440,496,98,534,188,0.97894967,person
4,00194,473,99,511,205,0.9683703,person
4,00126,344,154,473,448,0.96758455,person
4,00126,355,165,468,436,0.9904644,person
4,00180,454,103,502,225,0.9943801,person
4,00462,472,104,519,211,0.99175346,person
4,00146,413,126,497,312,0.9964842,person
4,00179,456,99,502,227,0.9956105,person
4,00164,429,113,492,251,0.67213064,cat
4,00164,430,116,492,258,0.6298403,person
4,00159,443,117,501,270,0.9348044,cat
4,00139,414,125,505,341,0.9539068,person
4,00448,490,98,534,203,0.9849742,person
4,00446,493,98,530,193,0.96262515,person
4,00197,479,98,524,202,0.9394474,person
4,00221,512,95,547,178,0.49679947,person
4,00135,396,130,529,376,0.7683805,person
4,00135,411,128,510,381,0.9978571,person
4,00174,449,106,499,235,0.9969902,person
4,00116,257,164,432,477,0.99774706,person
4,00500,383,121,462,309,0.996263,person
4,00137,416,135,504,364,0.9633359,person
4,00148,418,121,496,307,0.99368435,person
4,00495,402,112,470,285,0.9925745,person
4,00165,429,111,489,249,0.98731583,person
4,00485,423,114,487,261,0.99110174,person
4,00450,490,101,531,190,0.9521903,person
4,00196,474,100,519,201,0.99472183,person
4,00114,221,179,396,478,0.9160248,person
4,00224,512,96,546,176,0.78782606,person
4,00226,516,95,547,173,0.33597788,person
4,00491,415,115,478,281,0.99345803,person
4,00527,174,170,314,472,0.9961032,person
4,00527,181,178,305,463,0.77022314,person
4,00510,346,144,435,354,0.99834096,person
4,00510,457,369,516,380,0.44264686,skis
4,00218,506,97,543,177,0.8660607,person
4,00453,488,100,529,202,0.9872297,person
4,00437,493,97,534,184,0.97544426,person
4,00542,5,283,229,469,0.9783041,person
4,00433,497,101,537,179,0.9478456,person
4,00482,431,112,489,251,0.994281,person
6,00149,424,130,496,301,0.9979453,person
6,00458,481,99,523,208,0.9963233,person
6,00161,439,121,495,263,0.6193955,person
6,00411,512,89,544,163,0.36882305,person
6,00134,392,126,529,383,0.95688736,person
6,00134,409,138,514,385,0.9969046,person
6,00270,563,89,595,122,0.3169582,car
6,00270,549,95,571,148,0.40692207,person
6,00229,519,93,549,176,0.91284734,person
6,00513,302,137,439,371,0.9454005,person
6,00513,315,125,426,381,0.9877391,person
6,00212,502,97,539,181,0.95653874,person
6,00183,457,106,500,221,0.9961204,person
6,00234,524,101,550,162,0.40143844,person
6,00168,431,110,492,249,0.99328214,person
6,00484,424,109,486,253,0.9958338,person
6,00387,520,93,545,151,0.557134,person
6,00412,507,96,538,166,0.3132367,person
6,00412,478,89,500,137,0.3373324,person
6,00412,511,95,537,169,0.6584029,person
6,00192,466,100,509,205,0.9929168,person
6,00251,538,97,560,155,0.6389896,person
6,00147,413,126,495,308,0.99785775,person
6,00273,564,92,595,123,0.31627396,car
6,00529,150,178,299,471,0.6415067,person
6,00275,562,91,594,123,0.36175504,car
6,00461,471,101,519,207,0.99808514,person
6,00410,505,96,538,167,0.59302115,person
6,00410,491,89,512,137,0.4298137,person
6,00410,512,96,537,167,0.7425793,person
6,00244,530,94,561,160,0.48262787,person
6,00244,533,101,558,161,0.8373433,person
6,00290,572,91,595,121,0.30855945,car
6,00506,352,129,443,331,0.9974524,person
6,00220,505,95,542,177,0.92717344,person
6,00392,514,93,546,153,0.53701544,person
6,00392,516,96,543,154,0.9458385,person
6,00398,512,94,545,159,0.84908533,person
6,00398,513,97,542,158,0.9002146,person
6,00422,503,94,538,172,0.9536896,person
6,00219,504,97,543,176,0.9581745,person
6,00391,515,93,548,154,0.4937897,person
6,00391,517,92,544,155,0.75259763,person
6,00499,397,127,467,299,0.9966367,person
6,00210,500,100,536,187,0.9413003,person
6,00262,541,97,560,152,0.32495752,person
6,00381,526,96,550,151,0.3519981,person
6,00455,483,94,521,205,0.99706155,person
6,00394,517,91,542,154,0.7234327,person
6,00252,538,98,560,153,0.4957856,person
6,00334,521,79,541,136,0.42454153,person
6,00419,502,94,537,171,0.9557575,person
6,00419,414,91,437,141,0.82485807,person
6,00478,432,105,496,239,0.9968616,person
6,00140,413,130,506,340,0.9895358,person
6,00211,502,100,536,184,0.85419714,person
6,00241,529,92,560,160,0.6174403,person
6,00241,530,93,557,161,0.6281509,person
6,00497,402,119,472,295,0.9958899,person
6,00110,144,202,353,482,0.9059183,person
6,00225,514,99,547,173,0.69680554,person
6,00223,514,96,543,174,0.7764849,person
6,00223,514,96,540,173,0.34175113,person
6,00428,502,95,536,175,0.970686,person
6,00409,503,91,539,161,0.49918726,person
6,00215,503,96,537,178,0.8966733,person
6,00213,500,100,539,180,0.9618018,person
6,00444,488,96,530,193,0.99592423,person
6,00406,515,88,547,163,0.83825326,person
6,00406,515,93,543,160,0.6117609,person
6,00530,115,174,306,471,0.5597758,person
6,00488,425,119,486,264,0.9967983,person
6,00121,317,165,465,479,0.8485483,person
6,00173,446,103,501,237,0.9856439,person
6,00403,508,89,541,160,0.6408826,person
6,00403,513,95,541,157,0.80423725,person
6,00154,433,126,504,284,0.9977235,person
6,00439,492,98,535,189,0.99382985,person
6,00469,468,101,513,223,0.99430513,person
6,00399,514,93,546,157,0.59511536,person
6,00399,514,96,541,157,0.91096103,person
6,00477,438,106,495,240,0.99685323,person
6,00494,410,118,469,283,0.9862056,person
6,00195,474,98,514,202,0.99171585,person
6,00516,299,130,428,405,0.58957845,person
6,00516,312,148,417,390,0.9706071,person
6,00540,9,253,248,475,0.8920035,person
6,00521,234,143,373,435,0.9534823,person
6,00521,249,149,368,430,0.7351591,person
6,00492,415,114,478,277,0.99802667,person
6,00486,427,113,487,262,0.992623,person
6,00508,340,130,444,358,0.98743933,person
6,00408,505,92,539,160,0.60338867,person
6,00408,509,96,539,156,0.43433192,person
6,00277,564,90,595,122,0.33559662,car
6,00291,563,89,595,124,0.31596655,car
6,00107,61,227,296,480,0.87763655,person
6,00515,307,128,435,398,0.31382445,person
6,00515,317,127,420,400,0.978387,person
6,00122,320,144,471,475,0.9936689,person
6,00115,240,194,404,483,0.95383275,person
6,00544,4,268,202,477,0.9360502,person
6,00452,488,95,530,203,0.9886441,person
6,00405,515,84,547,164,0.67267364,person
6,00405,514,95,542,158,0.5371427,person
6,00473,448,104,499,230,0.9835841,person
6,00487,426,113,486,261,0.99721366,person
6,00538,32,215,271,476,0.7640872,person
6,00533,104,177,277,479,0.5731067,person
6,00479,432,111,494,243,0.99550724,person
6,00257,538,98,560,151,0.5006326,person
6,00162,437,115,494,260,0.9972072,person
6,00258,537,97,562,155,0.60896754,person
6,00466,469,101,518,222,0.9958091,person
6,00374,532,89,556,146,0.4337366,person
6,00113,199,178,401,479,0.94966626,person
6,00397,513,94,545,154,0.5865975,person
6,00397,513,94,541,154,0.844948,person
6,00421,502,95,537,173,0.95140773,person
6,00222,507,97,539,174,0.67925024,person
6,00133,393,131,524,376,0.78204614,person
6,00133,409,126,508,380,0.9805213,person
6,00230,519,95,552,171,0.88452595,person
6,00177,455,102,497,232,0.9957649,person
6,00129,369,146,503,418,0.99833626,person
6,00129,381,134,494,434,0.9986062,person
6,00436,499,99,533,181,0.9816156,person
6,00537,29,222,280,477,0.8114179,person
6,00119,284,166,457,472,0.9512883,person
6,00416,504,95,538,170,0.94830346,person
6,00498,404,119,471,296,0.9915705,person
6,00246,533,95,560,170,0.36444932,person
6,00246,531,95,557,159,0.32995823,person
6,00463,471,101,521,212,0.9972184,person
6,00106,27,267,291,480,0.61312556,person
6,00163,434,121,495,260,0.8106661,cat
6,00417,503,92,536,171,0.8547424,person
6,00189,465,102,503,208,0.9935278,person
6,00541,3,241,240,473,0.97363585,person
6,00298,566,82,593,96,0.30143845,car
6,00298,573,92,595,122,0.3161008,car
6,00216,503,100,538,178,0.9150582,person
6,00187,460,102,500,213,0.99576485,person
6,00193,468,98,508,204,0.9960202,person
6,00526,173,172,333,467,0.5450248,person
6,00171,437,107,495,242,0.9955798,person
6,00199,484,97,522,202,0.9866316,person
6,00471,462,101,507,235,0.99363726,person
6,00355,532,26,714,146,0.33906406,car
6,00111,157,200,380,485,0.93603116,person
6,00418,504,94,537,172,0.9198489,person
6,00418,421,91,447,140,0.6604984,person
6,00239,530,100,559,164,0.34991705,person
6,00239,530,100,556,164,0.7742665,person
6,00474,446,105,502,234,0.9894365,person
6,00175,449,103,500,235,0.9930328,person
6,00532,110,176,286,474,0.59549546,person
6,00191,463,101,508,205,0.99318707,person
6,00522,227,148,360,458,0.94847053,person
6,00522,238,144,352,462,0.95403516,person
6,00108,75,216,299,481,0.9159384,person
6,00202,488,97,533,193,0.99345833,person
6,00109,119,225,338,484,0.5931108,person
6,00404,515,88,548,161,0.6837154,person
6,00404,514,97,542,158,0.86723375,person
6,00141,415,127,504,340,0.9956371,person
6,00396,515,96,540,157,0.67882663,person
6,00514,300,142,432,391,0.96357787,person
6,00514,312,129,424,404,0.9975276,person
6,00514,458,369,517,380,0.44527614,skis
6,00131,382,126,516,407,0.856416,person
6,00131,392,133,503,400,0.9838346,person
6,00490,413,118,480,270,0.9980152,person
6,00318,566,90,595,123,0.6303097,car
6,00431,501,96,537,178,0.98036784,person
6,00536,26,200,283,480,0.98252153,person
6,00400,513,93,547,157,0.5733059,person
6,00400,515,94,540,159,0.8324072,person
6,00413,506,97,538,168,0.82750684,person
6,00413,510,92,536,172,0.7960816,person
6,00170,434,109,495,242,0.9929655,person
6,00523,216,153,352,463,0.94152516,person
6,00523,222,155,342,462,0.8416882,person
6,00208,497,99,541,188,0.9875537,person
6,00250,538,98,561,156,0.78659976,person
6,00424,503,99,537,173,0.9633392,person
6,00517,282,138,413,421,0.541287,person
6,00517,297,126,405,440,0.95425147,person
6,00142,417,128,502,331,0.9962515,person
6,00240,529,96,557,168,0.49030304,person
6,00240,530,94,556,158,0.46521664,person
6,00167,435,113,490,250,0.9955126,person
6,00426,501,93,536,175,0.96701825,person
6,00200,487,96,526,196,0.98181653,person
6,00524,193,150,343,473,0.9959897,person
6,00132,387,134,523,395,0.6546952,person
6,00132,398,139,504,393,0.9861321,person
6,00235,523,93,555,171,0.81896555,person
6,00235,525,96,549,169,0.4893905,person
6,00245,529,91,558,161,0.5804184,person
6,00245,533,95,557,159,0.76770866,person
6,00190,465,98,507,204,0.99627364,person
6,00472,454,93,502,235,0.9815691,person
6,00511,338,144,429,365,0.94956267,person
6,00285,565,90,593,124,0.33224237,car
6,00382,527,93,549,151,0.34086597,person
6,00289,565,89,595,123,0.51837593,car
6,00528,163,177,308,472,0.8648608,person
6,00188,462,104,502,211,0.9963101,person
6,00269,562,93,594,120,0.6024774,car
6,00443,490,94,532,192,0.98197556,person
6,00169,431,110,494,248,0.9878792,person
6,00520,246,146,388,452,0.9844005,person
6,00520,259,142,376,458,0.44574612,person
6,00284,565,89,593,126,0.31087524,car
6,00153,434,122,500,290,0.9923718,person
6,00152,433,131,501,294,0.9955948,person
6,00143,419,129,502,331,0.9929844,person
6,00325,522,76,544,135,0.3015636,person
6,00531,106,181,295,475,0.32897776,person
6,00483,428,111,487,248,0.99605453,person
6,00475,450,97,497,240,0.9935418,person
6,00423,504,93,538,174,0.96527517,person
6,00460,472,100,521,208,0.9973412,person
6,00138,419,132,506,358,0.9448721,person
6,00118,253,170,456,477,0.97889656,person
6,00156,443,116,505,281,0.99842644,person
6,00184,459,106,501,215,0.9920361,person
6,00429,501,96,537,177,0.9765222,person
6,00271,563,90,595,123,0.7121031,car
6,00236,525,99,559,170,0.45702624,person
6,00236,526,95,551,169,0.38810775,person
6,00268,547,95,569,149,0.49062985,person
6,00247,533,95,557,160,0.4382726,person
6,00259,538,98,561,155,0.42418337,person
6,00543,7,282,231,474,0.971261,person
6,00535,62,210,284,476,0.59793454,person
6,00454,486,98,527,204,0.9962352,person
6,00480,433,109,496,244,0.9960684,person
6,00525,174,170,343,466,0.97858214,person
6,00470,465,101,509,227,0.98800117,person
6,00231,518,91,554,174,0.78730226,person
6,00501,373,122,464,308,0.99815196,person
6,00456,480,100,520,207,0.99831915,person
6,00502,367,124,454,312,0.996036,person
6,00385,524,94,547,152,0.50009024,person
6,00481,433,109,494,248,0.99608415,person
6,00459,480,101,522,210,0.9978402,person
6,00130,374,136,502,408,0.97667414,person
6,00130,388,136,503,407,0.9896857,person
6,00539,29,228,265,478,0.850335,person
6,00432,499,96,537,178,0.98200196,person
6,00438,491,96,533,186,0.9933954,person
6,00534,93,201,273,479,0.9008522,person
6,00518,267,134,403,421,0.9336526,person
6,00518,279,135,399,433,0.8083968,person
6,00375,533,94,556,149,0.39827767,person
6,00434,498,96,536,183,0.98584104,person
6,00503,367,122,450,312,0.990434,person
6,00150,432,121,513,300,0.32682285,person
6,00393,517,93,542,151,0.9033143,person
6,00390,519,93,543,153,0.64678615,person
6,00198,481,94,522,204,0.90910846,person
6,00401,514,94,549,156,0.39386857,person
6,00401,514,96,540,156,0.77061087,person
6,00415,504,94,537,170,0.9688509,person
6,00415,451,91,478,141,0.5042611,person
6,00155,435,119,514,279,0.9977482,person
6,00465,473,104,517,218,0.9969741,person
6,00181,454,100,502,226,0.9904172,person
6,00512,327,131,429,373,0.9802878,person
6,00120,302,170,456,477,0.94017947,person
6,00457,482,98,522,206,0.99573493,person
6,00414,503,93,537,170,0.9413525,person
6,00205,496,100,531,190,0.9893845,person
6,00243,529,91,558,161,0.52919817,person
6,00243,531,90,555,163,0.8098657,person
6,00204,492,95,532,192,0.98423105,person
6,00476,443,104,493,238,0.9933319,person
6,00267,561,91,595,121,0.51046723,car
6,00489,417,114,484,267,0.9978981,person
6,00435,499,97,535,182,0.98527193,person
6,00451,490,101,532,200,0.98419976,person
6,00248,535,94,559,158,0.45471117,person
6,00127,359,147,490,425,0.9795989,person
6,00127,368,145,479,432,0.99263555,person
6,00449,489,96,533,195,0.98212516,person
6,00112,185,202,397,478,0.9473874,person
6,00445,487,96,531,192,0.9871691,person
6,00166,431,118,488,255,0.95657134,person
6,00442,494,97,532,191,0.9871574,person
6,00232,523,94,550,172,0.7779572,person
6,00232,524,90,547,174,0.48712942,person
6,00228,520,99,550,170,0.46039018,person
6,00228,521,95,546,171,0.38808367,person
6,00420,500,91,537,173,0.95891315,person
6,00209,499,95,540,185,0.953296,person
6,00203,490,97,533,193,0.9941704,person
6,00144,417,129,500,323,0.9872396,person
6,00402,515,88,545,161,0.3696854,person
6,00402,514,98,541,155,0.6300744,person
6,00151,432,126,501,292,0.9929416,person
6,00158,443,121,502,276,0.9344008,cat
6,00504,365,126,441,311,0.99431056,person
6,00136,391,122,528,370,0.39684075,person
6,00136,414,127,507,371,0.9930951,person
6,00427,500,97,536,176,0.97225964,person
6,00509,344,131,442,355,0.9244642,person
6,00441,497,97,534,189,0.99197346,person
6,00178,456,104,500,230,0.9947263,person
6,00519,251,142,397,430,0.9967181,person
6,00519,262,135,386,442,0.575297,person
6,00128,359,140,499,427,0.99593115,person
6,00128,372,130,487,439,0.984702,person
6,00505,364,134,439,323,0.9955938,person
6,00104,12,273,194,471,0.77698725,person
6,00383,526,92,549,153,0.58925664,person
6,00430,502,98,537,177,0.9705324,person
6,00227,517,96,547,173,0.5581185,person
6,00237,525,92,553,173,0.5747302,person
6,00493,415,115,476,279,0.99491525,person
6,00201,490,95,530,193,0.97723925,person
6,00105,8,248,265,478,0.9462798,person
6,00467,468,103,516,220,0.9951901,person
6,00464,473,102,520,214,0.99821526,person
6,00145,412,122,494,312,0.9952336,person
6,00186,459,107,502,214,0.9920069,person
6,00507,341,125,446,340,0.99555916,person
6,00172,438,109,496,239,0.9931564,person
6,00217,504,97,539,176,0.89968526,person
6,00157,442,119,506,279,0.99692494,person
6,00185,459,104,501,217,0.99594176,person
6,00293,565,90,594,123,0.34322408,car
6,00125,327,143,463,463,0.9702137,person
6,00125,339,138,455,467,0.9331447,person
6,00283,564,90,595,123,0.44076875,car
6,00272,562,91,594,124,0.369306,car
6,00117,255,170,441,476,0.9928367,person
6,00468,468,104,514,225,0.9935058,person
6,00447,492,97,533,192,0.992527,person
6,00425,501,94,538,175,0.97216785,person
6,00123,322,139,479,483,0.9898096,person
6,00206,499,98,536,189,0.9715784,person
6,00124,327,145,467,465,0.99830896,person
6,00124,335,159,461,454,0.8552619,person
6,00160,438,121,497,267,0.99733025,person
6,00176,453,103,498,233,0.99545497,person
6,00496,398,122,470,290,0.996625,person
6,00407,514,92,545,159,0.33153373,person
6,00182,454,101,499,221,0.99665236,person
6,00214,501,98,538,181,0.94378906,person
6,00207,498,99,539,186,0.9832706,person
6,00440,496,97,535,188,0.9916796,person
6,00194,470,101,510,203,0.9910104,person
6,00126,337,148,472,454,0.93152446,person
6,00126,349,148,468,454,0.93790627,person
6,00286,564,88,594,124,0.30997097,car
6,00180,452,105,500,230,0.98517203,person
6,00462,470,104,517,212,0.99787784,person
6,00146,411,125,495,311,0.9936878,person
6,00179,456,97,502,229,0.99066985,person
6,00164,434,116,493,259,0.7839165,person
6,00159,443,119,502,271,0.86071455,cat
6,00242,529,93,563,160,0.38352588,person
6,00238,528,96,555,169,0.77916414,person
6,00238,528,97,554,168,0.693749,person
6,00386,518,93,551,152,0.5519043,person
6,00386,520,94,546,152,0.87622803,person
6,00233,524,97,551,168,0.7672192,person
6,00233,525,94,548,171,0.86449873,person
6,00139,414,127,507,340,0.9852211,person
6,00448,491,95,532,203,0.9821112,person
6,00446,491,95,531,190,0.98890334,person
6,00197,480,97,521,204,0.99383116,person
6,00221,508,96,539,175,0.59237623,person
6,00135,395,133,535,374,0.85471207,person
6,00135,407,133,513,376,0.9979135,person
6,00174,448,103,499,238,0.9941894,person
6,00368,563,87,595,124,0.43040153,car
6,00116,254,171,431,475,0.9927523,person
6,00500,385,125,464,303,0.99638283,person
6,00500,458,369,516,379,0.31640434,skis
6,00249,535,97,559,155,0.51257193,person
6,00137,415,129,505,367,0.971794,person
6,00148,418,124,497,304,0.9972263,person
6,00495,402,111,472,282,0.9934316,person
6,00165,430,116,489,257,0.9813622,person
6,00485,423,116,486,256,0.99245656,person
6,00450,491,100,532,200,0.9934588,person
6,00196,473,98,518,201,0.99491477,person
6,00114,221,195,390,480,0.7583415,person
6,00224,513,94,546,174,0.92834795,person
6,00226,515,99,548,170,0.36587033,person
6,00491,413,118,477,278,0.9954212,person
6,00527,171,169,321,467,0.69901407,person
6,00510,346,137,438,353,0.99336225,person
6,00510,459,369,515,380,0.4536921,skis
6,00218,504,96,541,176,0.97148025,person
6,00453,488,101,528,201,0.99317735,person
6,00437,495,96,533,185,0.9904608,person
6,00395,516,98,540,153,0.89717925,person
6,00542,5,266,233,477,0.94596255,person
6,00433,498,99,536,180,0.98276764,person
6,00482,434,113,491,250,0.99228907,person
