104,0.849802371541502
105,0.9079335793357933
106,0.905616837419397
107,0.9139905322415558
108,0.9123132351382854
109,0.928643216080402
110,0.9597868217054264
111,0.8917728300988212
112,0.9039797155771139
113,0.9308832246591583
114,0.9341260750195458
115,0.8900537634408602
116,0.9018108860715707
117,0.9647527799146793
118,0.8833273806486726
119,0.7882462686567164
120,0.8270304658231428
121,0.9327406910432741
122,0.8911218169304886
123,0.8904333013174824
124,0.8192808192808193
125,0.9181102362204724
126,0.9181235935606716
127,0.9303013496025143
128,0.9337467044233961
129,0.8907702342773278
130,0.8696540054845674
131,0.9422870698339454
132,0.8150377318138767
133,0.9296845566325307
134,0.9604989604989606
135,0.9014054514480409
136,0.9514363579502301
137,0.9186854855698335
138,0.9781659388646288
139,0.7685539127298954
140,0.8685641189638631
141,0.8577110986207791
142,0.8432896520560326
143,0.858804891331254
144,0.8640079540433053
145,0.9428966152429197
146,0.7870182555780934
147,0.9204545454545454
148,0.9770245830263246
149,0.7421002738571729
150,0.7667510937140226
151,0.8426658163265306
152,0.8904028436018957
153,0.6465659794950943
154,0.8053375196232339
155,0.9407450620885074
156,0.7707361132018666
157,0.8199838839645447
158,0.715318869165023
159,0.8804347826086957
160,0.9452540370224498
161,0.7804577464788732
162,0.920969326492741
163,0.8118355065195587
164,0.8949416342412452
165,0.8540100250626567
166,0.7760212201591512
167,0.8034338113354794
168,0.8606931365886807
169,0.9111669330897465
170,0.8205128205128205
171,0.9137404580152672
172,0.8790507782597602
173,0.8641380185208677
174,0.885753052917232
175,0.8925802879291251
176,0.9506915213469633
177,0.9276666666666666
178,0.8977556109725686
179,0.7935377875136911
180,0.8471741637831603
181,0.7625
182,0.8757539203860072
183,0.8282144716293597
184,0.8487856762985286
185,0.8773641250248855
186,0.8807818850396748
187,0.825
188,0.6301750486246179
189,0.729067392784207
190,0.8501291989664083
191,0.8466587112171837
192,0.6701366297983083
193,0.7362385321100917
194,0.8185185185185185
195,0.9214237743451981
196,0.8313127090301003
197,0.8035790370685982
198,0.7165765765765766
199,0.6564299424184261
200,0.8344495044200375
201,0.7591733445803458
202,0.7299459891978396
203,0.7807835820895522
204,0.8179972936400541
205,0.7326545110111296
206,0.9035532994923858
207,0.8280254777070064
208,0.7540775259478923
209,0.6930045294413689
210,0.8202646014843498
211,0.7478510028653295
212,0.8710021321961621
213,0.8082042923118717
214,0.811706239646604
215,0.6768905341089371
216,0.7705081368316175
217,0.7296137339055794
218,0.7442136498516321
219,0.740829825616356
220,0.7833537331701347
221,0.6122840690978887
222,0.6992403314917127
223,0.8380281690140845
224,0.8446704067321178
225,0.7591287636130686
226,0.764535933550018
228,0.6919298245614035
229,0.7804878048780488
230,0.66189111747851
231,0.8455543747786043
232,0.6211015262110152
234,0.6479481641468683
235,0.7741935483870968
236,0.736318407960199
237,0.8131448223156286
238,0.5575980392156863
239,0.7725033587102552
241,0.5528002229033157
268,0.7849920170303353
368,0.6266432953549518
372,0.6170321264660887
374,0.767030681227249
375,0.6309246309246309
377,0.5597334602570204
378,0.6744186046511628
379,0.6822183098591549
380,0.7153846153846154
382,0.535779150018162
383,0.49193548387096775
397,0.748587570621469
403,0.6940268183665177
404,0.6292134831460674
405,0.630792799693604
408,0.7522855898998694
413,0.7283236994219653
414,0.6513157894736842
415,0.9087488240827846
417,0.6694850115295926
418,0.6520664076298128
419,0.7398490837226015
420,0.610940381069453
421,0.8383763837638376
422,0.6653919694072657
423,0.6887755102040817
424,0.7582342954159592
425,0.6827757125154895
426,0.810077519379845
427,0.9
428,0.7799936688825577
429,0.7911671924290221
430,0.6635565312843029
431,0.7053783912422655
432,0.8672970329312031
433,0.7592934352755075
434,0.8683417085427135
435,0.8838664812239221
436,0.8464730290456431
437,0.7378455672068637
438,0.7874109263657957
439,0.7999032180014517
440,0.6638297872340425
441,0.7408140814081409
442,0.8718280683583636
443,0.9451219512195121
444,0.7928388746803069
445,0.7613293051359517
446,0.8665987780040734
447,0.8487848784878488
448,0.847898599066044
449,0.8004685669660289
450,0.8740704015865146
451,0.7176560121765602
452,0.9196492059729794
453,0.7375241779497098
454,0.7119584675975653
455,0.8568
456,0.8638077285579642
457,0.8073115003808073
458,0.711378044711378
459,0.9498725573491928
460,0.8849085365853658
461,0.832408435072142
462,0.8572949946751863
463,0.7737704918032787
464,0.8812114617337686
465,0.8787878787878788
466,0.7804137931034483
467,0.7539994754786258
468,0.7607681755829904
469,0.9230364656381487
470,0.8448504493885369
471,0.7950203377295698
472,0.865254007063298
473,0.9491283223778222
474,0.6237954040029652
475,0.9512448132780082
476,0.900709219858156
477,0.9147879251050821
478,0.919521729133134
479,0.870663153271849
480,0.904646017699115
481,0.8632233976353454
482,0.9476372924648787
483,0.9029066171923315
484,0.9773399014778326
485,0.8423314531291969
486,0.9575170592119745
487,0.805277525022748
488,0.6778654793226743
489,0.7043980738362761
490,0.9653782744092324
491,0.7890295358649789
492,0.8551051051051051
493,0.7544116621329428
494,0.8543531326281529
495,0.8829486737857389
496,0.7954545454545454
497,0.9532394366197183
498,0.883921568627451
499,0.8285337850555242
500,0.7800780078007801
501,0.9154647641533644
502,0.8533035270740189
503,0.9033457249070632
504,0.9281925511891861
505,0.8554752640355753
506,0.924608695652174
507,0.879949793505547
508,0.9448132780082987
509,0.8329022245214692
510,0.8928956562998749
511,0.9322899229996652
512,0.9099129269926323
513,0.9002242850912716
514,0.9487179487179487
515,0.64414485381828
516,0.8968412893223952
517,0.9223300970873787
518,0.8273864130172373
519,0.8841463414634146
520,0.951886252586169
521,0.82821339367675
522,0.9101349411426931
523,0.8980707129253954
524,0.8478280699833981
525,0.8312824719715614
526,0.9138473799561666
527,0.9242563630788102
528,0.9305715042840739
529,0.9738562091503268
530,0.9222904218426923
531,0.9315122997612705
532,0.9623943035157988
533,0.8077585915588146
534,0.9620851183088441
535,0.9573510887169336
536,0.8403494943287331
537,0.9148630988429541
538,0.9694508009153318
539,0.9140544895268786
540,0.8900640082401413
541,0.9097375166985594
542,0.8593965352727889
543,0.9426784783741532
544,0.856303261827799
