104,0.9002583979328166
105,0.9000423135761482
106,0.8707308544119361
107,0.9282064549511675
108,0.8610913541856196
109,0.8666595947809483
110,0.8546450187337881
111,0.8272375339458022
112,0.8414650628463306
113,0.9322231862777814
114,0.9223316307724712
115,0.8510468841259446
116,0.9081665648690403
117,0.8809866056844169
118,0.8701404503535699
119,0.816044776119403
120,0.9598083317035009
121,0.9010661937088456
122,0.8712844099677353
123,0.9790945764231287
124,0.9162323654620774
125,0.9356195103718931
126,0.9518755306927726
127,0.8725495013020194
128,0.8126007689445616
129,0.7938508064516129
130,0.9429671201480916
131,0.919732441471572
132,0.8587062851552947
133,0.9413529058894103
134,0.8393660071942446
135,0.8980062613280606
136,0.6891741071428571
137,0.8858778468761583
138,0.9299704100324081
139,0.890061669829222
140,0.9428571428571428
141,0.8886246703272948
142,0.8830710797612589
143,0.9110593713620488
144,0.8582624387728796
145,0.8840471491812897
146,0.7898882579226965
147,0.9185809828438499
148,0.6821515892420538
149,0.8924332810047095
150,0.7727953027860925
151,0.8511979823455234
152,0.9083043703320269
153,0.704167126005953
154,0.7974228152799582
155,0.8909711744620027
156,0.8271176204137098
157,0.8091097638800255
158,0.7293447293447294
159,0.9443385090347771
160,0.9179062323479571
161,0.8077464788732395
162,0.9454922053853702
163,0.7950884086444008
164,0.8912099276111686
165,0.926947216791851
166,0.7591511936339522
167,0.7751438884011316
168,0.9173903833933489
169,0.9046922471025093
170,0.7308970099667774
171,0.900679758308157
172,0.7352264773522648
173,0.8197546012269938
174,0.8924128503075871
175,0.5204491435128268
176,0.8069017067397534
177,0.5989144675276062
178,0.8627450980392157
179,0.773610361575823
180,0.785876993166287
181,0.7815104824450619
182,0.8240645634629494
183,0.7484234981745769
184,0.887719298245614
185,0.8507985975847293
186,0.7608799617407939
187,0.77
188,0.6601833842734093
189,0.729067392784207
190,0.8182456140350877
191,0.8735294117647059
192,0.7579587266037434
193,0.7237299930410578
194,0.8265432098765432
195,0.9047292666209733
196,0.8702859510982179
197,0.8370943477326456
198,0.7111240535818287
199,0.6964143426294821
200,0.8787878787878788
201,0.7864665023526776
202,0.7672549019607843
203,0.8643981716607415
204,0.805956678700361
205,0.7459152261425527
206,0.8939271255060729
207,0.757679180887372
208,0.7812830827863646
209,0.8060010346611485
210,0.8910214703968771
211,0.6679920477137177
212,0.8153712799768853
213,0.8433530906011855
214,0.743863393810032
215,0.8333333333333334
216,0.8052827632915679
217,0.7012987012987013
218,0.7535410764872521
219,0.8306636155606407
220,0.8297742525930445
221,0.690779014308426
222,0.7352941176470589
223,0.805272618334332
224,0.7596747967479675
225,0.79702300405954
226,0.8501552795031055
227,0.6816169961640602
228,0.5631768953068592
229,0.7765521588402143
230,0.7744241461477362
231,0.8784016534619359
232,0.8055555555555556
233,0.47760442878711623
234,0.8178376104333193
235,0.8015267175572519
236,0.7910344827586206
237,0.8687476494922903
238,0.6816479400749064
239,0.6960227272727273
240,0.7349397590361446
241,0.5767002134797194
242,0.785050505050505
243,0.6457219251336899
244,0.7717842323651453
245,0.7644943820224719
246,0.8266666666666667
247,0.8026315789473685
248,0.6100352112676056
249,0.8410973084886129
250,0.8496732026143791
251,0.6845386533665836
252,0.7766220901436355
253,0.6587837837837838
254,0.5598194130925508
255,0.4744710860366714
256,0.46173254835996635
257,0.6293420514916224
258,0.7427240977881258
261,0.40446304044630405
262,0.5858761987794245
264,0.45075757575757575
265,0.5918367346938775
266,0.5017035775127768
267,0.375
268,0.8732394366197183
269,0.6995581737849779
272,0.8893333333333333
321,0.4714104193138501
323,0.6535070908394021
325,0.5925925925925926
326,0.7439824945295405
327,0.729676140118969
332,0.7348242811501597
333,0.6456643792888335
334,0.6701570680628273
335,0.7561141304347826
336,0.7146480659480026
337,0.7630057803468208
339,0.47063169560398965
340,0.619368203003625
342,0.5376344086021505
344,0.5130641330166271
357,0.51
360,0.4170984455958549
362,0.7471732247851651
366,0.5528255528255528
368,0.6005132591958939
371,0.63996138996139
372,0.449447400736799
373,0.656688493919551
374,0.7507903055848262
375,0.6206308610400681
376,0.7255813953488373
376,0
377,0.5722014148980441
377,0
378,0.6640260950605779
378,0
378,0
378,0.5018674136321195
379,0.6016174402250352
380,0.7955801104972375
380,0
381,0.750122249388753
381,0
382,0.6940874035989717
383,0.5542635658914729
384,0.6258992805755396
385,0.5857041251778093
386,0.5074786324786325
387,0.7642563198118754
390,0.8081457663451233
391,0.6427604871447903
392,0.6136277122192615
393,0.6375838926174496
394,0.6685059422750425
395,0.6952203600248293
396,0.7840735068912711
397,0.8249611600207146
398,0.7034632034632035
399,0.5616279069767441
400,0.45799457994579945
401,0.5538461538461539
402,0.5511961722488038
403,0.7761584454409567
404,0.6920347003154574
405,0.691233514352211
406,0.6431535269709544
407,0.5939947780678851
408,0.6021699819168174
409,0.5345622119815668
410,0.6461538461538462
411,0.5089605734767025
412,0.5768494897959183
413,0.7157894736842105
414,0.7297096053611318
415,0.8352788586251622
416,0.6417464114832536
417,0.7871754523996853
418,0.6860254083484574
418,0
419,0.6893963090397247
419,0
420,0.668273092369478
420,0
421,0.8394840558939448
422,0.7356687898089171
423,0.6504065040650406
424,0.7
425,0.508187134502924
426,0.8527131782945736
427,0.8763878608438194
428,0.8986556359875905
429,0.7786259541984732
430,0.7557736720554272
431,0.5039848197343454
432,0.8306188925081434
433,0.7070114636097041
434,0.7998040496407577
435,0.8935064935064935
436,0.8485453508271534
437,0.8216715257531584
438,0.8072837632776935
439,0.7905585106382979
440,0.6353383458646616
441,0.7808580858085808
442,0.8711256117455138
443,0.8507462686567164
444,0.7928388746803069
445,0.6453392167677882
446,0.5908310439560439
447,0.6769811320754717
448,0.8391845979614949
449,0.9572093023255814
450,0.5506391347099312
451,0.6151617576050217
452,0.9109620721554117
453,0.7823540525221991
454,0.6855519480519481
455,0.732801595214357
456,0.7123572170301142
457,0.8693623639191291
458,0.7085253456221198
459,0.7149532710280374
460,0.9431356620633631
461,0.8613938919342208
462,0.8875413450937155
463,0.7278688524590164
464,0.8542116630669546
465,0.8939393939393939
466,0.8269794721407625
467,0.7733333333333333
468,0.6393700787401575
469,0.5938967136150235
470,0.6610644257703081
471,0.7857759151978306
472,0.8224095730214849
473,0.932603201347936
474,0.9069737519300052
475,0.6245926777841672
476,0.9446431125733086
477,0.9305519564654056
478,0.8755718206770357
479,0.627906976744186
480,0.9449582675389127
481,0.6387696709585121
482,0.9430395913154533
483,0.655884995507637
484,0.9574141148062781
485,0.7635388283378747
486,0.9171410499683744
487,0.8547770700636943
488,0.6378600823045267
489,0.694412331406551
490,0.8278676577758344
491,0.8488045007032349
492,0.7943393640350878
493,0.7996698989065402
494,0.9049962465593461
495,0.862967078760939
496,0.7929515418502202
497,0.8915537017726799
498,0.6406390639063907
499,0.7685391865079365
500,0.7782278227822782
501,0.9282178217821783
502,0.8614215057702876
503,0.8582825179955068
504,0.928806011689396
505,0.8414695520885758
506,0.8936086956521739
507,0.8967851099830795
508,0.7238095238095238
509,0.8540244542794989
510,0.9588411941353118
511,0.906592713979579
512,0.8906819549138266
513,0.8688565001694759
514,0.9003516998827668
515,0.69365983209921
516,0.9149616368286445
517,0.9068376809082243
518,0.8461265193229973
519,0.8909580753414945
520,0.8250830430203354
521,0.8565847618640993
522,0.8512951710905021
523,0.8764720621398145
524,0.8878574918260739
525,0.8686974241078427
526,0.8842910791468859
527,0.9516557390654826
528,0.9202445832779477
529,0.8897843932905736
530,0.8939043566737582
531,0.8844166062419969
533,0.844125824930488
534,0.9262202043132803
535,0.943315908665225
536,0.8703828072531901
537,0.8490596892886345
538,0.9628751974723538
539,0.8990338677141947
540,0.8306922583861548
541,0.9172524310740431
542,0.8908231783138523
543,0.9365880495622638
544,0.9320823013907411
